0 1000000000.0 -9.281848E+001 -5.147845E+001 0 0
1 1050000000.0 -9.016503E+001 -9.591926E+001 0 0
2 1100000000.0 -8.976394E+001 -1.483515E+002 0 0
3 1150000000.0 -8.862068E+001  1.602783E+002 0 0
4 1200000000.0 -9.000198E+001  1.150223E+002 0 0
5 1250000000.0 -8.939864E+001  9.198270E+001 0 0
6 1300000000.0 -9.179184E+001  4.422221E+001 0 0
7 1350000000.0 -9.042218E+001  1.453910E+001 0 0
8 1400000000.0 -9.408426E+001 -9.643172E+000 0 0
9 1450000000.0 -9.243996E+001 -4.321648E+001 0 0
10 1500000000.0 -9.238372E+001 -8.185281E+001 0 0
11 1550000000.0 -9.093015E+001 -9.987886E+001 0 0
12 1600000000.0 -8.975305E+001 -1.306649E+002 0 0
13 1650000000.0 -8.870276E+001 -1.638253E+002 0 0
14 1700000000.0 -8.549186E+001  1.536707E+002 0 0
15 1750000000.0 -8.480074E+001  1.152463E+002 0 0
16 1800000000.0 -8.388824E+001  5.703835E+001 0 0
17 1850000000.0 -8.258656E+001  1.418814E+001 0 0
18 1900000000.0 -8.381042E+001 -3.000129E+001 0 0
19 1950000000.0 -8.627248E+001 -5.969424E+001 0 0
20 2000000000.0 -8.372110E+001 -1.011602E+002 0 0
21 2050000000.0 -8.552361E+001 -1.374254E+002 0 0
22 2100000000.0 -8.492820E+001 -1.757846E+002 0 0
23 2150000000.0 -8.531254E+001  1.451670E+002 0 0
24 2200000000.0 -8.518163E+001  1.053082E+002 0 0
25 2250000000.0 -8.611461E+001  7.363262E+001 0 0
26 2300000000.0 -8.748104E+001  3.895342E+001 0 0
27 2350000000.0 -8.882839E+001 -3.630210E+000 0 0
28 2400000000.0 -9.048653E+001 -2.241803E+001 0 0
29 2450000000.0 -9.188998E+001 -5.759048E+001 0 0
30 2500000000.0 -9.700672E+001 -1.007453E+002 0 0
31 2550000000.0 -1.024656E+002 -1.561917E+002 0 0
32 2600000000.0 -9.746024E+001 -1.614385E+002 0 0
33 2650000000.0 -9.695839E+001  1.356428E+002 0 0
34 2700000000.0 -1.054115E+002  1.372936E+001 0 0
35 2750000000.0 -9.971978E+001 -1.418478E+002 0 0
36 2800000000.0 -9.640838E+001 -1.319528E+002 0 0
37 2850000000.0 -9.078889E+001 -1.637666E+002 0 0
38 2900000000.0 -8.733990E+001 -1.734454E+002 0 0
39 2950000000.0 -8.439212E+001  1.496138E+002 0 0
40 3000000000.0 -8.421230E+001  1.144362E+002 0 0
41 3050000000.0 -8.526013E+001  8.015569E+001 0 0
42 3100000000.0 -8.334751E+001  3.230633E+001 0 0
43 3150000000.0 -8.408679E+001 -8.156778E+000 0 0
44 3200000000.0 -8.332813E+001 -2.485329E+001 0 0
45 3250000000.0 -8.383874E+001 -5.780102E+001 0 0
46 3300000000.0 -8.366939E+001 -9.477613E+001 0 0
47 3350000000.0 -8.172775E+001 -1.408291E+002 0 0
48 3400000000.0 -8.219249E+001 -1.729148E+002 0 0
49 3450000000.0 -8.230080E+001 -1.776727E+002 0 0
50 3500000000.0 -8.358562E+001  1.208419E+002 0 0
51 3550000000.0 -8.369350E+001  9.414340E+001 0 0
52 3600000000.0 -8.301004E+001  5.403633E+001 0 0
53 3650000000.0 -8.496499E+001  2.957354E+001 0 0
54 3700000000.0 -8.370167E+001  2.492755E+001 0 0
55 3750000000.0 -8.250739E+001 -1.239389E+001 0 0
56 3800000000.0 -8.358080E+001 -4.266943E+001 0 0
57 3850000000.0 -8.172206E+001 -7.741663E+001 0 0
58 3900000000.0 -8.149079E+001 -7.853806E+001 0 0
59 3950000000.0 -8.175479E+001 -1.086002E+002 0 0
60 4000000000.0 -8.160046E+001 -1.373941E+002 0 0
61 4050000000.0 -8.027054E+001 -1.555071E+002 0 0
62 4100000000.0 -8.259984E+001  1.560317E+002 0 0
63 4150000000.0 -8.041024E+001  1.398419E+002 0 0
64 4200000000.0 -8.073105E+001  1.222626E+002 0 0
65 4250000000.0 -7.915136E+001  1.166046E+002 0 0
66 4300000000.0 -7.888583E+001  6.728807E+001 0 0
67 4350000000.0 -8.137744E+001  5.189270E+001 0 0
68 4400000000.0 -7.944365E+001  2.838414E+001 0 0
69 4450000000.0 -7.639190E+001  1.456969E+001 0 0
70 4500000000.0 -7.685091E+001 -1.818337E+001 0 0
71 4550000000.0 -7.738812E+001 -6.214821E+001 0 0
72 4600000000.0 -7.672207E+001 -9.389433E+001 0 0
73 4650000000.0 -7.482355E+001 -1.109548E+002 0 0
74 4700000000.0 -7.703871E+001 -1.475684E+002 0 0
75 4750000000.0 -7.713737E+001  1.767404E+002 0 0
76 4800000000.0 -7.755082E+001  1.529796E+002 0 0
77 4850000000.0 -7.698919E+001  1.154789E+002 0 0
78 4900000000.0 -7.625504E+001  1.084580E+002 0 0
79 4950000000.0 -7.767322E+001  3.251913E+001 0 0
80 5000000000.0 -8.817299E+001  6.599728E+001 0 0
81 5050000000.0 -7.474709E+001  1.092792E+001 0 0
82 5100000000.0 -8.461438E+001 -7.495850E+001 0 0
83 5150000000.0 -7.983265E+001  3.572485E+001 0 0
84 5200000000.0 -7.380611E+001 -5.201433E+001 0 0
85 5250000000.0 -7.870258E+001 -1.331609E+002 0 0
86 5300000000.0 -7.766763E+001 -6.591748E+001 0 0
87 5350000000.0 -7.287459E+001 -1.410651E+002 0 0
88 5400000000.0 -8.125927E+001  1.333654E+002 0 0
89 5450000000.0 -7.529546E+001 -1.557088E+002 0 0
90 5500000000.0 -7.314104E+001  9.995286E+001 0 0
91 5550000000.0 -8.453650E+001  7.668938E+001 0 0
92 5600000000.0 -7.511659E+001  7.176221E+001 0 0
93 5650000000.0 -7.494724E+001  1.394786E+001 0 0
94 5700000000.0 -7.662582E+001  1.037413E+001 0 0
95 5750000000.0 -7.352399E+001 -2.500692E+001 0 0
96 5800000000.0 -7.390671E+001 -7.411929E+001 0 0
97 5850000000.0 -7.460918E+001 -1.028679E+002 0 0
98 5900000000.0 -7.277853E+001 -1.301736E+002 0 0
99 5950000000.0 -7.200581E+001  1.741227E+002 0 0
100 6000000000.0 -7.346843E+001  1.395878E+002 0 0
101 6050000000.0 -7.602946E+001  1.094307E+002 0 0
102 6100000000.0 -7.535570E+001  7.889133E+001 0 0
103 6150000000.0 -7.454321E+001  3.980532E+001 0 0
104 6200000000.0 -7.629137E+001 -1.669386E+000 0 0
105 6250000000.0 -7.644637E+001 -2.392359E+001 0 0
106 6300000000.0 -7.735615E+001 -6.579787E+001 0 0
107 6350000000.0 -7.703793E+001 -8.534081E+001 0 0
108 6400000000.0 -7.697160E+001 -1.182380E+002 0 0
109 6450000000.0 -7.628135E+001 -1.615462E+002 0 0
110 6500000000.0 -7.786347E+001 -1.680151E+002 0 0
111 6550000000.0 -7.578263E+001  1.617148E+002 0 0
112 6600000000.0 -7.646546E+001  1.235287E+002 0 0
113 6650000000.0 -7.478215E+001  9.452624E+001 0 0
114 6700000000.0 -7.680717E+001  6.218948E+001 0 0
115 6750000000.0 -7.514777E+001  3.765097E+001 0 0
116 6800000000.0 -7.540704E+001  7.515282E+000 0 0
117 6850000000.0 -7.325610E+001 -2.418220E+001 0 0
118 6900000000.0 -7.508369E+001 -6.226252E+001 0 0
119 6950000000.0 -7.428666E+001 -8.628401E+001 0 0
120 7000000000.0 -7.428898E+001 -1.161312E+002 0 0
121 7050000000.0 -7.501039E+001 -1.441529E+002 0 0
122 7100000000.0 -7.898614E+001 -1.784534E+002 0 0
123 7150000000.0 -7.609706E+001  1.690229E+002 0 0
124 7200000000.0 -7.677652E+001  1.179891E+002 0 0
125 7250000000.0 -7.629918E+001  8.749981E+001 0 0
126 7300000000.0 -7.895606E+001  6.517377E+001 0 0
127 7350000000.0 -7.762749E+001  4.831259E+001 0 0
128 7400000000.0 -7.680958E+001  8.636275E+000 0 0
129 7450000000.0 -7.606978E+001 -1.958069E+001 0 0
130 7500000000.0 -7.576701E+001 -5.596487E+001 0 0
131 7550000000.0 -7.632500E+001 -8.157812E+001 0 0
132 7600000000.0 -7.696754E+001 -1.143899E+002 0 0
133 7650000000.0 -7.663977E+001 -1.357678E+002 0 0
134 7700000000.0 -7.476446E+001 -1.687229E+002 0 0
135 7750000000.0 -7.608702E+001  1.430168E+002 0 0
136 7800000000.0 -7.611533E+001  1.283411E+002 0 0
137 7850000000.0 -7.573606E+001  8.865873E+001 0 0
138 7900000000.0 -7.655528E+001  8.054423E+001 0 0
139 7950000000.0 -7.439649E+001  5.021756E+001 0 0
140 8000000000.0 -7.598070E+001  2.105070E+001 0 0
141 8050000000.0 -7.483987E+001 -1.000787E+001 0 0
142 8100000000.0 -7.532192E+001 -3.762218E+001 0 0
143 8150000000.0 -7.466914E+001 -4.664524E+001 0 0
144 8200000000.0 -7.478073E+001 -7.142521E+001 0 0
145 8250000000.0 -7.157668E+001 -1.174191E+002 0 0
146 8300000000.0 -7.482859E+001 -1.498262E+002 0 0
147 8350000000.0 -7.522251E+001 -1.688705E+002 0 0
148 8400000000.0 -7.497173E+001  1.646310E+002 0 0
149 8450000000.0 -7.125397E+001  1.256678E+002 0 0
150 8500000000.0 -7.478659E+001  9.350360E+001 0 0
151 8550000000.0 -7.167477E+001  6.756191E+001 0 0
152 8600000000.0 -7.449690E+001  9.560620E+000 0 0
153 8650000000.0 -7.750489E+001 -1.729064E+000 0 0
154 8700000000.0 -7.648617E+001 -2.708297E+001 0 0
155 8750000000.0 -7.636717E+001 -1.043516E+002 0 0
156 8800000000.0 -7.667635E+001 -8.855518E+001 0 0
157 8850000000.0 -7.678268E+001 -1.334164E+002 0 0
158 8900000000.0 -7.706536E+001  1.736894E+002 0 0
159 8950000000.0 -8.037543E+001  1.740503E+002 0 0
160 9000000000.0 -7.695494E+001  1.386627E+002 0 0
161 9050000000.0 -7.645628E+001  9.818008E+001 0 0
162 9100000000.0 -7.945953E+001  7.544556E+001 0 0
163 9150000000.0 -7.696556E+001  5.433482E+001 0 0
164 9200000000.0 -7.533321E+001  4.988871E+000 0 0
165 9250000000.0 -7.486736E+001 -1.373211E+001 0 0
166 9300000000.0 -7.688949E+001 -3.292803E+001 0 0
167 9350000000.0 -7.294651E+001 -6.350896E+001 0 0
168 9400000000.0 -7.595653E+001 -9.912373E+001 0 0
169 9450000000.0 -7.534657E+001 -1.178958E+002 0 0
170 9500000000.0 -7.500723E+001 -1.477263E+002 0 0
171 9550000000.0 -7.461649E+001 -1.676956E+002 0 0
172 9600000000.0 -7.329008E+001  1.568401E+002 0 0
173 9650000000.0 -7.379281E+001  1.251383E+002 0 0
174 9700000000.0 -7.328989E+001  1.025234E+002 0 0
175 9750000000.0 -7.375603E+001  7.432611E+001 0 0
176 9800000000.0 -7.347694E+001  4.768335E+001 0 0
177 9850000000.0 -7.196755E+001  1.410601E+001 0 0
178 9900000000.0 -7.385168E+001 -2.396870E+001 0 0
179 9950000000.0 -7.307021E+001 -5.643543E+001 0 0
180 10000000000.0 -7.432361E+001 -9.664615E+001 0 0
181 10050000000.0 -7.441155E+001 -1.313520E+002 0 0
182 10100000000.0 -7.529469E+001 -1.513007E+002 0 0
183 10150000000.0 -7.367954E+001  1.747397E+002 0 0
184 10200000000.0 -7.226816E+001  1.360152E+002 0 0
185 10250000000.0 -7.328280E+001  1.095188E+002 0 0
186 10300000000.0 -7.488863E+001  7.472776E+001 0 0
187 10350000000.0 -7.465121E+001  5.713851E+001 0 0
188 10400000000.0 -7.640177E+001  3.462332E+001 0 0
189 10450000000.0 -7.363072E+001 -9.566011E+000 0 0
190 10500000000.0 -7.601105E+001 -3.322826E+001 0 0
191 10550000000.0 -7.624133E+001 -6.066508E+001 0 0
192 10600000000.0 -8.057254E+001 -1.014203E+002 0 0
193 10650000000.0 -7.565690E+001 -1.269952E+002 0 0
194 10700000000.0 -7.697696E+001 -1.665242E+002 0 0
195 10750000000.0 -8.092470E+001  1.675196E+002 0 0
196 10800000000.0 -8.331131E+001  1.344884E+002 0 0
197 10850000000.0 -7.813434E+001  9.616785E+001 0 0
198 10900000000.0 -8.125831E+001  6.116914E+001 0 0
199 10950000000.0 -8.135689E+001  2.660844E+001 0 0
200 11000000000.0 -8.034204E+001 -2.082839E+001 0 0
