0 1000000000.0 -9.336928E+001 -1.513468E+002 0 0
1 1050000000.0 -9.438111E+001  1.546609E+002 0 0
2 1100000000.0 -9.123859E+001  1.200746E+002 0 0
3 1150000000.0 -9.190131E+001  8.894992E+001 0 0
4 1200000000.0 -9.040808E+001  5.293620E+001 0 0
5 1250000000.0 -9.095912E+001  7.513769E+000 0 0
6 1300000000.0 -9.157523E+001 -1.950823E+001 0 0
7 1350000000.0 -9.214182E+001 -6.587787E+001 0 0
8 1400000000.0 -9.357307E+001 -9.818317E+001 0 0
9 1450000000.0 -9.418089E+001 -1.234840E+002 0 0
10 1500000000.0 -9.648981E+001 -1.691306E+002 0 0
11 1550000000.0 -9.278851E+001  1.609668E+002 0 0
12 1600000000.0 -9.362018E+001  1.308463E+002 0 0
13 1650000000.0 -9.146935E+001  9.368221E+001 0 0
14 1700000000.0 -9.026036E+001  4.134800E+001 0 0
15 1750000000.0 -8.666661E+001 -3.013239E+000 0 0
16 1800000000.0 -8.491065E+001 -5.560291E+001 0 0
17 1850000000.0 -8.611774E+001 -9.751701E+001 0 0
18 1900000000.0 -8.652457E+001 -1.511720E+002 0 0
19 1950000000.0 -8.594985E+001  1.678593E+002 0 0
20 2000000000.0 -8.726859E+001  1.100237E+002 0 0
21 2050000000.0 -8.993452E+001  6.808775E+001 0 0
22 2100000000.0 -9.253544E+001  3.173950E+001 0 0
23 2150000000.0 -9.376061E+001 -1.030999E+001 0 0
24 2200000000.0 -9.650705E+001 -4.087674E+001 0 0
25 2250000000.0 -1.001997E+002 -4.443351E+001 0 0
26 2300000000.0 -1.014172E+002 -7.526152E+001 0 0
27 2350000000.0 -9.933327E+001 -1.066849E+002 0 0
28 2400000000.0 -9.628043E+001  1.531009E+002 0 0
29 2450000000.0 -1.006772E+002  9.189011E+001 0 0
30 2500000000.0 -1.031245E+002  1.294102E+001 0 0
31 2550000000.0 -9.909392E+001  6.735841E+001 0 0
32 2600000000.0 -9.377101E+001 -2.244106E+001 0 0
33 2650000000.0 -9.602821E+001 -5.078862E+001 0 0
34 2700000000.0 -9.198743E+001 -9.662727E+001 0 0
35 2750000000.0 -9.350980E+001 -1.339426E+002 0 0
36 2800000000.0 -8.944665E+001 -1.618873E+002 0 0
37 2850000000.0 -8.922278E+001  1.656998E+002 0 0
38 2900000000.0 -9.004564E+001  1.395182E+002 0 0
39 2950000000.0 -8.980902E+001  8.881743E+001 0 0
40 3000000000.0 -8.920442E+001  6.437050E+001 0 0
41 3050000000.0 -8.713506E+001  3.597396E+001 0 0
42 3100000000.0 -8.624249E+001 -8.540942E+000 0 0
43 3150000000.0 -8.843197E+001 -3.195077E+001 0 0
44 3200000000.0 -8.729755E+001 -6.342890E+001 0 0
45 3250000000.0 -8.680492E+001 -1.038263E+002 0 0
46 3300000000.0 -8.789783E+001 -1.468510E+002 0 0
47 3350000000.0 -8.748493E+001 -1.773737E+002 0 0
48 3400000000.0 -8.710532E+001  1.293743E+002 0 0
49 3450000000.0 -9.050057E+001  9.388332E+001 0 0
50 3500000000.0 -8.778453E+001  6.514494E+001 0 0
51 3550000000.0 -9.226660E+001  1.245248E+001 0 0
52 3600000000.0 -9.475703E+001 -4.080851E+001 0 0
53 3650000000.0 -9.556939E+001 -6.390178E+001 0 0
54 3700000000.0 -9.866786E+001  4.267371E+000 0 0
55 3750000000.0 -1.065412E+002  1.583921E+000 0 0
56 3800000000.0 -9.884545E+001  6.464834E+001 0 0
57 3850000000.0 -1.011660E+002  2.282475E+001 0 0
58 3900000000.0 -9.151927E+001  3.993032E+001 0 0
59 3950000000.0 -9.495506E+001 -9.725017E+000 0 0
60 4000000000.0 -8.974525E+001 -4.039683E+001 0 0
61 4050000000.0 -8.403754E+001 -9.659902E+001 0 0
62 4100000000.0 -8.454941E+001 -1.241382E+002 0 0
63 4150000000.0 -8.517142E+001 -1.678093E+002 0 0
64 4200000000.0 -8.393536E+001  1.698881E+002 0 0
65 4250000000.0 -8.220829E+001  1.387634E+002 0 0
66 4300000000.0 -8.383849E+001  6.473900E+001 0 0
67 4350000000.0 -8.754201E+001  7.529964E+001 0 0
68 4400000000.0 -8.319823E+001  6.089685E+001 0 0
69 4450000000.0 -7.871725E+001  1.666312E+001 0 0
70 4500000000.0 -7.834061E+001 -9.099469E+000 0 0
71 4550000000.0 -8.016447E+001 -7.853011E+001 0 0
72 4600000000.0 -7.835446E+001 -1.158132E+002 0 0
73 4650000000.0 -7.814111E+001 -1.529731E+002 0 0
74 4700000000.0 -8.001276E+001 -1.781214E+002 0 0
75 4750000000.0 -8.132614E+001  1.396303E+002 0 0
76 4800000000.0 -8.215469E+001  1.149144E+002 0 0
77 4850000000.0 -9.006481E+001  1.196192E+002 0 0
78 4900000000.0 -8.023564E+001  9.510350E+001 0 0
79 4950000000.0 -8.089138E+001  1.856882E+001 0 0
80 5000000000.0 -9.700417E+001 -1.156607E+001 0 0
81 5050000000.0 -7.618992E+001  1.959072E+000 0 0
82 5100000000.0 -8.037148E+001 -1.124423E+002 0 0
83 5150000000.0 -8.270152E+001  4.764595E+001 0 0
84 5200000000.0 -7.572204E+001 -5.787328E+001 0 0
85 5250000000.0 -7.968755E+001 -1.535265E+002 0 0
86 5300000000.0 -8.081727E+001 -4.664613E+001 0 0
87 5350000000.0 -7.510088E+001 -1.482532E+002 0 0
88 5400000000.0 -8.287416E+001  1.142444E+002 0 0
89 5450000000.0 -7.700406E+001 -1.614172E+002 0 0
90 5500000000.0 -7.471909E+001  8.857829E+001 0 0
91 5550000000.0 -9.052837E+001  6.712121E+001 0 0
92 5600000000.0 -7.700442E+001  8.160785E+001 0 0
93 5650000000.0 -7.731414E+001  8.018401E+000 0 0
94 5700000000.0 -8.182591E+001  1.920765E+001 0 0
95 5750000000.0 -7.685825E+001 -2.458917E+001 0 0
96 5800000000.0 -7.526743E+001 -5.521694E+001 0 0
97 5850000000.0 -7.559600E+001 -7.500944E+001 0 0
98 5900000000.0 -7.600060E+001 -1.174892E+002 0 0
99 5950000000.0 -7.713412E+001 -1.629409E+002 0 0
100 6000000000.0 -7.745090E+001  1.635157E+002 0 0
101 6050000000.0 -8.009628E+001  1.345536E+002 0 0
102 6100000000.0 -8.025703E+001  9.638810E+001 0 0
103 6150000000.0 -8.086147E+001  6.192387E+001 0 0
104 6200000000.0 -8.379333E+001  2.611072E+001 0 0
105 6250000000.0 -8.226321E+001 -6.979609E+000 0 0
106 6300000000.0 -8.901201E+001 -2.364561E+001 0 0
107 6350000000.0 -8.407915E+001 -3.571191E+001 0 0
108 6400000000.0 -8.407603E+001 -6.282744E+001 0 0
109 6450000000.0 -8.605939E+001 -7.881052E+001 0 0
110 6500000000.0 -8.194113E+001 -8.882710E+001 0 0
111 6550000000.0 -7.974104E+001 -1.183074E+002 0 0
112 6600000000.0 -8.006369E+001 -1.590081E+002 0 0
113 6650000000.0 -7.822364E+001  1.745813E+002 0 0
114 6700000000.0 -8.062767E+001  1.292426E+002 0 0
115 6750000000.0 -7.977144E+001  1.149521E+002 0 0
116 6800000000.0 -7.898450E+001  8.223797E+001 0 0
117 6850000000.0 -7.822202E+001  3.397540E+001 0 0
118 6900000000.0 -7.955328E+001  6.388396E+000 0 0
119 6950000000.0 -8.140588E+001 -4.358239E+000 0 0
120 7000000000.0 -7.977647E+001 -6.145504E+001 0 0
121 7050000000.0 -8.405959E+001 -1.066819E+002 0 0
122 7100000000.0 -8.984740E+001 -1.434980E+002 0 0
123 7150000000.0 -8.488843E+001 -1.463890E+002 0 0
124 7200000000.0 -8.728293E+001  1.235805E+002 0 0
125 7250000000.0 -8.103939E+001  4.279835E+001 0 0
126 7300000000.0 -8.445474E+001  1.336229E+001 0 0
127 7350000000.0 -9.053725E+001 -3.698550E+001 0 0
128 7400000000.0 -8.248830E+001 -4.434788E+001 0 0
129 7450000000.0 -8.235414E+001 -7.040907E+001 0 0
130 7500000000.0 -8.206165E+001 -1.102483E+002 0 0
131 7550000000.0 -8.326796E+001 -1.579720E+002 0 0
132 7600000000.0 -8.129379E+001  1.618089E+002 0 0
133 7650000000.0 -8.510909E+001  1.102349E+002 0 0
134 7700000000.0 -8.508745E+001  1.362726E+002 0 0
135 7750000000.0 -8.737423E+001  8.967265E+001 0 0
136 7800000000.0 -9.354493E+001 -7.736643E+001 0 0
137 7850000000.0 -9.026905E+001  1.117709E+002 0 0
138 7900000000.0 -9.061734E+001  1.539365E+002 0 0
139 7950000000.0 -8.340446E+001  5.352181E+001 0 0
140 8000000000.0 -8.175460E+001  7.636493E+001 0 0
141 8050000000.0 -7.991971E+001  1.112855E+001 0 0
142 8100000000.0 -7.803041E+001 -4.197454E-001 0 0
143 8150000000.0 -7.692153E+001 -1.192443E+001 0 0
144 8200000000.0 -7.811079E+001 -1.116527E+002 0 0
145 8250000000.0 -7.774438E+001 -1.174035E+002 0 0
146 8300000000.0 -8.109569E+001  1.670769E+002 0 0
147 8350000000.0 -8.248402E+001  1.039340E+002 0 0
148 8400000000.0 -7.947945E+001  7.222814E+001 0 0
149 8450000000.0 -8.038086E+001 -4.541319E+001 0 0
150 8500000000.0 -8.310213E+001 -1.020755E+002 0 0
151 8550000000.0 -9.124402E+001 -1.454438E+001 0 0
152 8600000000.0 -8.038478E+001 -1.545402E+002 0 0
153 8650000000.0 -7.534907E+001  1.705289E+002 0 0
154 8700000000.0 -8.632179E+001 -1.736354E+002 0 0
155 8750000000.0 -7.963062E+001  1.435669E+002 0 0
156 8800000000.0 -8.241494E+001  1.069651E+002 0 0
157 8850000000.0 -8.829382E+001 -1.048315E+001 0 0
158 8900000000.0 -8.862862E+001  5.239864E+001 0 0
159 8950000000.0 -8.847764E+001 -7.840258E+001 0 0
160 9000000000.0 -8.569751E+001 -1.238456E+002 0 0
161 9050000000.0 -9.793056E+001  8.211462E+001 0 0
162 9100000000.0 -8.916571E+001  5.055111E+001 0 0
163 9150000000.0 -9.151521E+001  9.716608E+001 0 0
164 9200000000.0 -8.652731E+001 -2.119808E+001 0 0
165 9250000000.0 -8.203334E+001 -1.319633E+002 0 0
166 9300000000.0 -9.193750E+001 -1.051993E+002 0 0
167 9350000000.0 -8.744472E+001 -1.408915E+002 0 0
168 9400000000.0 -8.493970E+001  1.572257E+002 0 0
169 9450000000.0 -8.112038E+001  6.489098E+001 0 0
170 9500000000.0 -9.040389E+001  4.522978E+001 0 0
171 9550000000.0 -8.441348E+001  8.423399E+001 0 0
172 9600000000.0 -8.221396E+001  3.255037E+001 0 0
173 9650000000.0 -8.441288E+001 -5.390279E+000 0 0
174 9700000000.0 -8.464392E+001 -1.577255E+001 0 0
175 9750000000.0 -8.592131E+001 -9.509796E+000 0 0
176 9800000000.0 -8.222934E+001 -3.669670E+001 0 0
177 9850000000.0 -9.251802E+001 -1.193825E+002 0 0
178 9900000000.0 -8.764906E+001 -1.706641E+002 0 0
179 9950000000.0 -8.632630E+001 -1.214155E+002 0 0
180 10000000000.0 -9.308913E+001  1.736503E+002 0 0
181 10050000000.0 -9.731723E+001 -1.592785E+002 0 0
182 10100000000.0 -8.609676E+001  4.197313E+001 0 0
183 10150000000.0 -8.559554E+001 -9.383087E+001 0 0
184 10200000000.0 -8.647978E+001 -9.555921E+001 0 0
185 10250000000.0 -8.539496E+001 -1.105872E+002 0 0
186 10300000000.0 -8.628450E+001 -1.504017E+002 0 0
187 10350000000.0 -9.121846E+001  1.195074E+002 0 0
188 10400000000.0 -1.047826E+002 -3.488552E+001 0 0
189 10450000000.0 -8.653985E+001 -1.369177E+002 0 0
190 10500000000.0 -8.835641E+001 -1.374846E+002 0 0
191 10550000000.0 -8.809503E+001 -1.506620E+002 0 0
192 10600000000.0 -8.991334E+001  1.614991E+002 0 0
193 10650000000.0 -8.880838E+001 -1.669098E+002 0 0
194 10700000000.0 -8.597849E+001  1.441841E+002 0 0
195 10750000000.0 -8.082671E+001  1.091151E+002 0 0
196 10800000000.0 -8.456773E+001  1.191444E+002 0 0
197 10850000000.0 -8.223589E+001  1.092841E+002 0 0
198 10900000000.0 -8.252718E+001  6.911301E+001 0 0
199 10950000000.0 -8.357456E+001  5.421361E+001 0 0
200 11000000000.0 -8.541259E+001  3.823912E+001 0 0
