0 1000000000.0 -9.585783E+001  4.860063E+000 0 0
1 1050000000.0 -9.274336E+001 -2.700610E+001 0 0
2 1100000000.0 -9.104195E+001 -5.927263E+001 0 0
3 1150000000.0 -9.036334E+001 -9.806264E+001 0 0
4 1200000000.0 -9.088846E+001 -1.297877E+002 0 0
5 1250000000.0 -9.058228E+001 -1.690849E+002 0 0
6 1300000000.0 -9.054596E+001  1.544859E+002 0 0
7 1350000000.0 -9.035485E+001  1.153709E+002 0 0
8 1400000000.0 -9.118053E+001  9.007623E+001 0 0
9 1450000000.0 -9.212180E+001  6.078791E+001 0 0
10 1500000000.0 -9.300179E+001  3.181493E+001 0 0
11 1550000000.0 -9.365617E+001  4.979732E+000 0 0
12 1600000000.0 -9.236594E+001 -3.209805E+001 0 0
13 1650000000.0 -9.175809E+001 -7.181556E+001 0 0
14 1700000000.0 -9.024429E+001 -1.004461E+002 0 0
15 1750000000.0 -9.202709E+001 -1.684058E+002 0 0
16 1800000000.0 -9.198318E+001  1.448089E+002 0 0
17 1850000000.0 -9.009962E+001  5.845464E+001 0 0
18 1900000000.0 -9.147048E+001  2.333720E+000 0 0
19 1950000000.0 -9.222319E+001 -6.354889E+001 0 0
20 2000000000.0 -9.376774E+001 -1.003425E+002 0 0
21 2050000000.0 -9.149807E+001 -1.374991E+002 0 0
22 2100000000.0 -9.111053E+001 -1.603466E+002 0 0
23 2150000000.0 -9.085426E+001  1.572078E+002 0 0
24 2200000000.0 -8.947905E+001  1.267700E+002 0 0
25 2250000000.0 -9.162593E+001  9.801985E+001 0 0
26 2300000000.0 -8.958068E+001  7.640096E+001 0 0
27 2350000000.0 -9.043690E+001  2.585911E+001 0 0
28 2400000000.0 -9.335273E+001  6.498674E+000 0 0
29 2450000000.0 -9.199715E+001 -2.561207E+001 0 0
30 2500000000.0 -8.969066E+001 -6.068043E+001 0 0
31 2550000000.0 -9.682657E+001 -7.471326E+001 0 0
32 2600000000.0 -9.073016E+001 -1.411156E+002 0 0
33 2650000000.0 -9.164877E+001 -1.689011E+002 0 0
34 2700000000.0 -9.622433E+001  1.573398E+002 0 0
35 2750000000.0 -9.474857E+001  1.028026E+002 0 0
36 2800000000.0 -9.490218E+001  7.789113E+001 0 0
37 2850000000.0 -1.017282E+002  6.393067E+001 0 0
38 2900000000.0 -1.029610E+002 -9.797382E+000 0 0
39 2950000000.0 -9.852499E+001 -7.901264E+001 0 0
40 3000000000.0 -1.021695E+002 -1.293885E+002 0 0
41 3050000000.0 -9.314696E+001 -1.614664E+002 0 0
42 3100000000.0 -8.981643E+001  1.215793E+002 0 0
43 3150000000.0 -8.987990E+001  9.371524E+001 0 0
44 3200000000.0 -8.735023E+001  7.407757E+001 0 0
45 3250000000.0 -8.706555E+001  2.120128E+001 0 0
46 3300000000.0 -8.698877E+001 -9.156934E-001 0 0
47 3350000000.0 -8.555032E+001 -5.256402E+001 0 0
48 3400000000.0 -8.499800E+001 -8.647124E+001 0 0
49 3450000000.0 -8.254707E+001 -1.082389E+002 0 0
50 3500000000.0 -8.459863E+001 -1.497612E+002 0 0
51 3550000000.0 -8.398724E+001 -1.791736E+002 0 0
52 3600000000.0 -8.273842E+001  1.529078E+002 0 0
53 3650000000.0 -8.474372E+001  1.328732E+002 0 0
54 3700000000.0 -8.634909E+001  8.515251E+001 0 0
55 3750000000.0 -8.578052E+001  6.453130E+001 0 0
56 3800000000.0 -9.048824E+001  5.482983E+001 0 0
57 3850000000.0 -9.488265E+001  2.031308E+001 0 0
58 3900000000.0 -9.369582E+001  7.032846E+001 0 0
59 3950000000.0 -9.031570E+001  7.300047E+001 0 0
60 4000000000.0 -8.516692E+001  4.521020E+001 0 0
61 4050000000.0 -8.535602E+001  1.929510E-001 0 0
62 4100000000.0 -8.192735E+001 -5.908279E+000 0 0
63 4150000000.0 -8.100236E+001 -4.051611E+001 0 0
64 4200000000.0 -8.054391E+001 -6.972558E+001 0 0
65 4250000000.0 -7.939642E+001 -1.046071E+002 0 0
66 4300000000.0 -7.973560E+001 -1.005946E+002 0 0
67 4350000000.0 -7.686562E+001 -1.537749E+002 0 0
68 4400000000.0 -7.832637E+001  1.694695E+002 0 0
69 4450000000.0 -7.868716E+001  1.381499E+002 0 0
70 4500000000.0 -7.728853E+001  1.137615E+002 0 0
71 4550000000.0 -7.793738E+001  1.035653E+002 0 0
72 4600000000.0 -7.889355E+001  7.829568E+001 0 0
73 4650000000.0 -7.869231E+001  6.235312E+001 0 0
74 4700000000.0 -7.600217E+001  1.113612E+001 0 0
75 4750000000.0 -7.574645E+001 -2.206700E+001 0 0
76 4800000000.0 -7.730202E+001 -4.869111E+001 0 0
77 4850000000.0 -7.626768E+001 -9.171023E+001 0 0
78 4900000000.0 -7.921141E+001 -1.406593E+002 0 0
79 4950000000.0 -8.065337E+001 -1.068086E+002 0 0
80 5000000000.0 -7.562956E+001 -1.555856E+002 0 0
81 5050000000.0 -8.829048E+001  4.659368E+001 0 0
82 5100000000.0 -7.586124E+001 -1.684071E+002 0 0
83 5150000000.0 -7.397822E+001  1.039706E+002 0 0
84 5200000000.0 -8.627283E+001  1.270262E+001 0 0
85 5250000000.0 -7.863902E+001  1.148180E+002 0 0
86 5300000000.0 -7.416940E+001  1.916329E+001 0 0
87 5350000000.0 -8.557547E+001 -8.625764E+001 0 0
88 5400000000.0 -7.630822E+001  2.133983E+001 0 0
89 5450000000.0 -7.508385E+001 -9.624354E+001 0 0
90 5500000000.0 -8.114510E+001  3.003503E+001 0 0
91 5550000000.0 -7.679671E+001 -8.138324E+001 0 0
92 5600000000.0 -8.795040E+001 -1.539019E+002 0 0
93 5650000000.0 -8.062135E+001 -9.529258E+001 0 0
94 5700000000.0 -7.990826E+001 -1.722004E+002 0 0
95 5750000000.0 -8.516450E+001  1.503210E+002 0 0
96 5800000000.0 -8.473376E+001  1.243149E+002 0 0
97 5850000000.0 -8.353667E+001  5.440148E+001 0 0
98 5900000000.0 -9.053401E+001  2.276896E+000 0 0
99 5950000000.0 -8.923528E+001  3.359037E+001 0 0
100 6000000000.0 -8.550445E+001 -3.645567E+001 0 0
101 6050000000.0 -8.188641E+001 -8.789624E+001 0 0
102 6100000000.0 -8.405034E+001 -1.169639E+002 0 0
103 6150000000.0 -8.314727E+001 -1.434160E+002 0 0
104 6200000000.0 -8.260190E+001 -1.627747E+002 0 0
105 6250000000.0 -8.171457E+001  1.639520E+002 0 0
106 6300000000.0 -8.161388E+001  1.336495E+002 0 0
107 6350000000.0 -8.192849E+001  8.691465E+001 0 0
108 6400000000.0 -7.955064E+001  7.549392E+001 0 0
109 6450000000.0 -8.275230E+001  3.008825E+001 0 0
110 6500000000.0 -7.898299E+001  2.899300E+001 0 0
111 6550000000.0 -7.836626E+001 -2.524017E+001 0 0
112 6600000000.0 -8.211604E+001 -4.597118E+001 0 0
113 6650000000.0 -8.267448E+001 -8.301635E+001 0 0
114 6700000000.0 -8.270428E+001 -8.418632E+001 0 0
115 6750000000.0 -8.116977E+001 -1.185619E+002 0 0
116 6800000000.0 -7.998621E+001  1.592712E+002 0 0
117 6850000000.0 -8.385254E+001  1.419333E+002 0 0
118 6900000000.0 -8.101151E+001  1.129516E+002 0 0
119 6950000000.0 -7.876406E+001  6.771840E+001 0 0
120 7000000000.0 -7.932996E+001  4.445107E+001 0 0
121 7050000000.0 -7.534265E+001  2.047966E+001 0 0
122 7100000000.0 -7.501337E+001 -9.843774E+000 0 0
123 7150000000.0 -7.509799E+001 -4.406825E+001 0 0
124 7200000000.0 -7.493231E+001 -5.454693E+001 0 0
125 7250000000.0 -7.376434E+001 -7.562653E+001 0 0
126 7300000000.0 -7.490184E+001 -9.621700E+001 0 0
127 7350000000.0 -7.450813E+001 -1.161301E+002 0 0
128 7400000000.0 -7.768027E+001 -1.381056E+002 0 0
129 7450000000.0 -7.688945E+001 -1.529744E+002 0 0
130 7500000000.0 -7.741688E+001 -1.594836E+002 0 0
131 7550000000.0 -7.591696E+001 -1.779291E+002 0 0
132 7600000000.0 -7.575992E+001  1.690063E+002 0 0
133 7650000000.0 -7.891179E+001  1.721067E+002 0 0
134 7700000000.0 -7.766483E+001  1.548003E+002 0 0
135 7750000000.0 -7.700784E+001  1.275377E+002 0 0
136 7800000000.0 -7.699998E+001  1.052424E+002 0 0
137 7850000000.0 -7.882500E+001  1.002872E+002 0 0
138 7900000000.0 -7.620034E+001  8.941209E+001 0 0
139 7950000000.0 -7.800213E+001  5.426825E+001 0 0
140 8000000000.0 -7.990028E+001  4.293557E+001 0 0
141 8050000000.0 -8.223245E+001  2.834952E+001 0 0
142 8100000000.0 -7.915368E+001  2.222032E+001 0 0
143 8150000000.0 -7.989313E+001 -5.827808E+001 0 0
144 8200000000.0 -8.852951E+001 -1.670428E+000 0 0
145 8250000000.0 -8.290439E+001 -5.172154E+001 0 0
146 8300000000.0 -8.254867E+001  1.394406E+002 0 0
147 8350000000.0 -8.435365E+001 -9.076396E+000 0 0
148 8400000000.0 -8.123222E+001  1.321720E+002 0 0
149 8450000000.0 -7.926665E+001  6.825082E+001 0 0
150 8500000000.0 -7.853215E+001  1.442655E+001 0 0
151 8550000000.0 -7.795262E+001  2.913966E+001 0 0
152 8600000000.0 -7.579481E+001 -1.876603E+001 0 0
153 8650000000.0 -7.829047E+001 -2.872335E+001 0 0
154 8700000000.0 -7.721648E+001 -5.283058E+001 0 0
155 8750000000.0 -7.418522E+001 -9.657600E+001 0 0
156 8800000000.0 -8.043488E+001 -1.071104E+002 0 0
157 8850000000.0 -7.385743E+001 -1.190674E+002 0 0
158 8900000000.0 -7.829588E+001 -1.631182E+002 0 0
159 8950000000.0 -7.983398E+001 -1.469076E+002 0 0
160 9000000000.0 -7.982600E+001  1.626713E+002 0 0
161 9050000000.0 -8.237061E+001  9.627755E+001 0 0
162 9100000000.0 -8.142848E+001  1.311892E+002 0 0
163 9150000000.0 -8.404977E+001  1.212348E+002 0 0
164 9200000000.0 -8.631202E+001  5.638647E+001 0 0
165 9250000000.0 -8.244454E+001  7.571371E+001 0 0
166 9300000000.0 -8.118420E+001  4.240569E+001 0 0
167 9350000000.0 -8.863094E+001  4.556209E+001 0 0
168 9400000000.0 -8.367862E+001  3.002774E+001 0 0
169 9450000000.0 -8.051223E+001 -4.843790E+001 0 0
170 9500000000.0 -8.553910E+001 -6.534007E+001 0 0
171 9550000000.0 -8.091691E+001 -8.313244E+001 0 0
172 9600000000.0 -8.231766E+001 -1.155228E+002 0 0
173 9650000000.0 -8.427399E+001 -1.487869E+002 0 0
174 9700000000.0 -8.146653E+001 -1.737824E+002 0 0
175 9750000000.0 -8.097908E+001  1.748094E+002 0 0
176 9800000000.0 -9.125100E+001  1.017766E+002 0 0
177 9850000000.0 -9.227567E+001 -4.126573E+000 0 0
178 9900000000.0 -9.910262E+001 -6.566141E+001 0 0
179 9950000000.0 -8.611344E+001 -1.091419E+002 0 0
180 10000000000.0 -8.206161E+001 -1.419466E+002 0 0
181 10050000000.0 -8.021710E+001 -1.514839E+002 0 0
182 10100000000.0 -7.763624E+001 -1.734393E+002 0 0
183 10150000000.0 -7.619229E+001  1.491783E+002 0 0
184 10200000000.0 -7.726030E+001  1.149200E+002 0 0
185 10250000000.0 -7.651067E+001  1.013311E+002 0 0
186 10300000000.0 -7.847884E+001  7.733956E+001 0 0
187 10350000000.0 -7.911917E+001  6.847340E+001 0 0
188 10400000000.0 -8.133775E+001  4.373296E+001 0 0
189 10450000000.0 -8.989524E+001  5.260329E+001 0 0
190 10500000000.0 -8.386939E+001  7.585861E+001 0 0
191 10550000000.0 -8.090786E+001  6.136026E+001 0 0
192 10600000000.0 -7.818332E+001  4.466207E+001 0 0
193 10650000000.0 -7.771458E+001  2.477281E+001 0 0
194 10700000000.0 -7.782271E+001  7.289321E+000 0 0
195 10750000000.0 -7.827102E+001 -1.990763E+001 0 0
196 10800000000.0 -8.092052E+001 -1.523785E+001 0 0
197 10850000000.0 -8.128680E+001 -6.659948E+001 0 0
198 10900000000.0 -8.439163E+001 -9.544653E+001 0 0
199 10950000000.0 -9.825758E+001  1.661126E+002 0 0
200 11000000000.0 -9.593819E+001  3.453734E+001 0 0
