0  1000000000.0  -5.555050E+000   2.115708E+001  0  0
1  1050000000.0  -8.313628E+000  -5.180573E+000  0  0
2  1100000000.0  -1.371193E+001  -2.759525E+001  0  0
3  1150000000.0  -2.216710E+001  -5.989467E+001  0  0
4  1200000000.0  -2.329795E+001   1.401104E+002  0  0
5  1250000000.0  -1.671384E+001   1.149130E+002  0  0
6  1300000000.0  -1.396763E+001   9.282290E+001  0  0
7  1350000000.0  -1.218173E+001   7.683066E+001  0  0
8  1400000000.0  -1.046925E+001   6.874614E+001  0  0
9  1450000000.0  -9.926347E+000   5.491276E+001  0  0
10  1500000000.0  -8.793175E+000   4.293272E+001  0  0
11  1550000000.0  -8.635133E+000   2.954884E+001  0  0
12  1600000000.0  -8.752916E+000   1.344355E+001  0  0
13  1650000000.0  -8.504615E+000  -3.075288E+000  0  0
14  1700000000.0  -8.953459E+000  -2.183432E+001  0  0
15  1750000000.0  -9.629918E+000  -4.827564E+001  0  0
16  1800000000.0  -1.118820E+001  -7.234218E+001  0  0
17  1850000000.0  -1.195355E+001  -9.919605E+001  0  0
18  1900000000.0  -1.404300E+001  -1.298595E+002  0  0
19  1950000000.0  -1.522523E+001  -1.608331E+002  0  0
20  2000000000.0  -1.599588E+001   1.649497E+002  0  0
21  2050000000.0  -1.572156E+001   1.374414E+002  0  0
22  2100000000.0  -1.513626E+001   1.138615E+002  0  0
23  2150000000.0  -1.379212E+001   9.463821E+001  0  0
24  2200000000.0  -1.375843E+001   7.612498E+001  0  0
25  2250000000.0  -1.285759E+001   5.599192E+001  0  0
26  2300000000.0  -1.332554E+001   4.137133E+001  0  0
27  2350000000.0  -1.364216E+001   2.688616E+001  0  0
28  2400000000.0  -1.491354E+001   1.412261E+001  0  0
29  2450000000.0  -1.625014E+001   5.132792E+000  0  0
30  2500000000.0  -1.804246E+001   2.729643E+000  0  0
31  2550000000.0  -1.916052E+001   8.425081E+000  0  0
32  2600000000.0  -2.059098E+001   6.813074E+000  0  0
33  2650000000.0  -1.873374E+001   1.349763E+001  0  0
34  2700000000.0  -1.865766E+001   1.722080E+001  0  0
35  2750000000.0  -1.685241E+001   1.664425E+001  0  0
36  2800000000.0  -1.639176E+001   7.083072E+000  0  0
37  2850000000.0  -1.517383E+001  -2.237585E+000  0  0
38  2900000000.0  -1.582587E+001  -1.355490E+001  0  0
39  2950000000.0  -1.545789E+001  -2.230129E+001  0  0
40  3000000000.0  -1.705296E+001  -3.315868E+001  0  0
41  3050000000.0  -1.679568E+001  -4.051196E+001  0  0
42  3100000000.0  -1.757816E+001  -4.883539E+001  0  0
43  3150000000.0  -1.737389E+001  -6.053139E+001  0  0
44  3200000000.0  -1.796913E+001  -7.554893E+001  0  0
45  3250000000.0  -1.839797E+001  -9.650528E+001  0  0
46  3300000000.0  -1.946367E+001  -1.242354E+002  0  0
47  3350000000.0  -2.028859E+001  -1.523760E+002  0  0
48  3400000000.0  -2.010140E+001   1.738624E+002  0  0
49  3450000000.0  -1.941038E+001   1.424326E+002  0  0
50  3500000000.0  -1.826896E+001   1.144803E+002  0  0
51  3550000000.0  -1.675461E+001   8.860845E+001  0  0
52  3600000000.0  -1.597111E+001   6.777338E+001  0  0
53  3650000000.0  -1.509114E+001   4.787831E+001  0  0
54  3700000000.0  -1.446035E+001   3.201522E+001  0  0
55  3750000000.0  -1.463703E+001   1.580764E+001  0  0
56  3800000000.0  -1.494159E+001   3.877789E+000  0  0
57  3850000000.0  -1.584214E+001  -6.495918E+000  0  0
58  3900000000.0  -1.657597E+001  -1.671148E+001  0  0
59  3950000000.0  -1.786283E+001  -1.821397E+001  0  0
60  4000000000.0  -1.824401E+001  -1.923999E+001  0  0
61  4050000000.0  -1.819146E+001  -1.901580E+001  0  0
62  4100000000.0  -1.752978E+001  -2.496101E+001  0  0
63  4150000000.0  -1.728307E+001  -2.475342E+001  0  0
64  4200000000.0  -1.654844E+001  -3.661766E+001  0  0
65  4250000000.0  -1.668217E+001  -4.973280E+001  0  0
66  4300000000.0  -1.674708E+001  -6.354762E+001  0  0
67  4350000000.0  -1.820076E+001  -7.859693E+001  0  0
68  4400000000.0  -1.943802E+001  -9.348829E+001  0  0
69  4450000000.0  -2.188016E+001  -1.112459E+002  0  0
70  4500000000.0  -2.497230E+001  -1.363596E+002  0  0
71  4550000000.0  -2.879172E+001   1.658129E+002  0  0
72  4600000000.0  -2.671004E+001   1.141181E+002  0  0
73  4650000000.0  -2.289654E+001   7.423956E+001  0  0
74  4700000000.0  -2.052154E+001   5.246199E+001  0  0
75  4750000000.0  -1.786208E+001   3.423288E+001  0  0
76  4800000000.0  -1.672261E+001   1.761449E+001  0  0
77  4850000000.0  -1.590482E+001   4.769757E+000  0  0
78  4900000000.0  -1.531859E+001  -8.943524E+000  0  0
79  4950000000.0  -1.468543E+001  -1.906669E+001  0  0
80  5000000000.0  -1.486749E+001  -3.233693E+001  0  0
81  5050000000.0  -1.488596E+001  -4.195984E+001  0  0
82  5100000000.0  -1.549539E+001  -5.315810E+001  0  0
83  5150000000.0  -1.555777E+001  -6.065565E+001  0  0
84  5200000000.0  -1.639488E+001  -6.903634E+001  0  0
85  5250000000.0  -1.673114E+001  -7.426653E+001  0  0
86  5300000000.0  -1.742152E+001  -8.174060E+001  0  0
87  5350000000.0  -1.824192E+001  -8.571073E+001  0  0
88  5400000000.0  -1.870210E+001  -9.271511E+001  0  0
89  5450000000.0  -1.918813E+001  -9.867400E+001  0  0
90  5500000000.0  -1.982279E+001  -1.051909E+002  0  0
91  5550000000.0  -2.123798E+001  -1.158486E+002  0  0
92  5600000000.0  -2.203608E+001  -1.309821E+002  0  0
93  5650000000.0  -2.353854E+001  -1.547159E+002  0  0
94  5700000000.0  -2.485807E+001   1.749742E+002  0  0
95  5750000000.0  -2.608161E+001   1.313440E+002  0  0
96  5800000000.0  -2.518877E+001   9.301620E+001  0  0
97  5850000000.0  -2.242000E+001   6.464181E+001  0  0
98  5900000000.0  -2.053246E+001   4.042199E+001  0  0
99  5950000000.0  -1.877306E+001   2.295732E+001  0  0
100  6000000000.0  -1.751416E+001   6.412838E+000  0  0
101  6050000000.0  -1.694851E+001  -5.868556E+000  0  0
102  6100000000.0  -1.650214E+001  -2.109624E+001  0  0
103  6150000000.0  -1.625040E+001  -3.270811E+001  0  0
104  6200000000.0  -1.652712E+001  -4.509647E+001  0  0
105  6250000000.0  -1.725082E+001  -5.374244E+001  0  0
106  6300000000.0  -1.841068E+001  -6.422984E+001  0  0
107  6350000000.0  -1.970732E+001  -6.681190E+001  0  0
108  6400000000.0  -2.133373E+001  -7.048895E+001  0  0
109  6450000000.0  -2.309814E+001  -6.541780E+001  0  0
110  6500000000.0  -2.418678E+001  -5.339006E+001  0  0
111  6550000000.0  -2.331864E+001  -3.989090E+001  0  0
112  6600000000.0  -2.249756E+001  -3.507671E+001  0  0
113  6650000000.0  -2.049340E+001  -3.265237E+001  0  0
114  6700000000.0  -1.925850E+001  -3.377770E+001  0  0
115  6750000000.0  -1.801673E+001  -3.755592E+001  0  0
116  6800000000.0  -1.737411E+001  -4.282589E+001  0  0
117  6850000000.0  -1.689488E+001  -4.849570E+001  0  0
118  6900000000.0  -1.649254E+001  -5.168187E+001  0  0
119  6950000000.0  -1.616880E+001  -5.702058E+001  0  0
120  7000000000.0  -1.594769E+001  -6.060084E+001  0  0
121  7050000000.0  -1.561314E+001  -6.474249E+001  0  0
122  7100000000.0  -1.560024E+001  -6.865630E+001  0  0
123  7150000000.0  -1.522881E+001  -7.282050E+001  0  0
124  7200000000.0  -1.495670E+001  -7.640595E+001  0  0
125  7250000000.0  -1.489260E+001  -8.116303E+001  0  0
126  7300000000.0  -1.462447E+001  -8.717947E+001  0  0
127  7350000000.0  -1.428461E+001  -9.214467E+001  0  0
128  7400000000.0  -1.423346E+001  -9.776191E+001  0  0
129  7450000000.0  -1.439989E+001  -1.040401E+002  0  0
130  7500000000.0  -1.445893E+001  -1.098585E+002  0  0
131  7550000000.0  -1.469084E+001  -1.151976E+002  0  0
132  7600000000.0  -1.482361E+001  -1.189406E+002  0  0
133  7650000000.0  -1.521193E+001  -1.237994E+002  0  0
134  7700000000.0  -1.524722E+001  -1.261277E+002  0  0
135  7750000000.0  -1.539776E+001  -1.277836E+002  0  0
136  7800000000.0  -1.545256E+001  -1.347214E+002  0  0
137  7850000000.0  -1.515869E+001  -1.391767E+002  0  0
138  7900000000.0  -1.489409E+001  -1.446875E+002  0  0
139  7950000000.0  -1.480551E+001  -1.510764E+002  0  0
140  8000000000.0  -1.448645E+001  -1.595579E+002  0  0
141  8050000000.0  -1.472071E+001  -1.685236E+002  0  0
142  8100000000.0  -1.449514E+001  -1.784881E+002  0  0
143  8150000000.0  -1.423616E+001   1.729984E+002  0  0
144  8200000000.0  -1.449928E+001   1.627916E+002  0  0
145  8250000000.0  -1.449767E+001   1.539126E+002  0  0
146  8300000000.0  -1.459177E+001   1.421526E+002  0  0
147  8350000000.0  -1.455705E+001   1.313198E+002  0  0
148  8400000000.0  -1.481999E+001   1.193309E+002  0  0
149  8450000000.0  -1.512173E+001   1.098799E+002  0  0
150  8500000000.0  -1.541408E+001   1.000939E+002  0  0
151  8550000000.0  -1.592778E+001   8.908709E+001  0  0
152  8600000000.0  -1.633522E+001   7.977792E+001  0  0
153  8650000000.0  -1.698752E+001   7.291238E+001  0  0
154  8700000000.0  -1.744679E+001   6.890691E+001  0  0
155  8750000000.0  -1.804945E+001   6.713552E+001  0  0
156  8800000000.0  -1.785366E+001   6.878136E+001  0  0
157  8850000000.0  -1.695481E+001   6.935027E+001  0  0
158  8900000000.0  -1.562154E+001   6.748655E+001  0  0
159  8950000000.0  -1.433317E+001   6.337098E+001  0  0
160  9000000000.0  -1.326425E+001   5.529393E+001  0  0
161  9050000000.0  -1.264613E+001   4.549182E+001  0  0
162  9100000000.0  -1.197866E+001   3.757308E+001  0  0
163  9150000000.0  -1.152463E+001   2.899748E+001  0  0
164  9200000000.0  -1.134882E+001   2.113682E+001  0  0
165  9250000000.0  -1.119912E+001   1.470513E+001  0  0
166  9300000000.0  -1.131417E+001   7.584676E+000  0  0
167  9350000000.0  -1.139721E+001   1.962286E+000  0  0
168  9400000000.0  -1.172720E+001  -3.143881E+000  0  0
169  9450000000.0  -1.201513E+001  -5.575202E+000  0  0
170  9500000000.0  -1.233004E+001  -7.237097E+000  0  0
171  9550000000.0  -1.255206E+001  -8.710588E+000  0  0
172  9600000000.0  -1.255207E+001  -7.929630E+000  0  0
173  9650000000.0  -1.238210E+001  -8.395491E+000  0  0
174  9700000000.0  -1.208116E+001  -8.140841E+000  0  0
175  9750000000.0  -1.175513E+001  -8.444726E+000  0  0
176  9800000000.0  -1.133319E+001  -1.111868E+001  0  0
177  9850000000.0  -1.098879E+001  -1.278677E+001  0  0
178  9900000000.0  -1.051008E+001  -1.441330E+001  0  0
179  9950000000.0  -1.017114E+001  -1.716983E+001  0  0
180  10000000000.0  -9.766797E+000  -1.938632E+001  0  0
181  10050000000.0  -9.341973E+000  -2.199940E+001  0  0
182  10100000000.0  -9.015753E+000  -2.483533E+001  0  0
183  10150000000.0  -8.722389E+000  -2.735094E+001  0  0
184  10200000000.0  -8.457181E+000  -3.100409E+001  0  0
185  10250000000.0  -8.228500E+000  -3.400092E+001  0  0
186  10300000000.0  -8.059652E+000  -3.708840E+001  0  0
187  10350000000.0  -7.959458E+000  -4.057449E+001  0  0
188  10400000000.0  -7.848380E+000  -4.334890E+001  0  0
189  10450000000.0  -7.715784E+000  -4.660107E+001  0  0
190  10500000000.0  -7.766640E+000  -4.876520E+001  0  0
191  10550000000.0  -7.790741E+000  -5.100013E+001  0  0
192  10600000000.0  -7.829770E+000  -5.353035E+001  0  0
193  10650000000.0  -7.834874E+000  -5.524536E+001  0  0
194  10700000000.0  -7.841258E+000  -5.573481E+001  0  0
195  10750000000.0  -7.792464E+000  -5.690339E+001  0  0
196  10800000000.0  -7.735297E+000  -5.781963E+001  0  0
197  10850000000.0  -7.563568E+000  -5.860321E+001  0  0
198  10900000000.0  -7.314770E+000  -5.958986E+001  0  0
199  10950000000.0  -7.129856E+000  -6.089559E+001  0  0
200  11000000000.0  -6.876557E+000  -6.259750E+001  0  0
