0  1000000000.0  -6.648150E+000   1.888877E+001  0  0
1  1050000000.0  -9.399750E+000  -2.097557E+000  0  0
2  1100000000.0  -1.285458E+001  -1.509649E+001  0  0
3  1150000000.0  -1.941347E+001  -3.405015E+001  0  0
4  1200000000.0  -3.657895E+001   4.121788E+001  0  0
5  1250000000.0  -2.126946E+001   1.180920E+002  0  0
6  1300000000.0  -1.627185E+001   1.054647E+002  0  0
7  1350000000.0  -1.225200E+001   8.611505E+001  0  0
8  1400000000.0  -1.106687E+001   6.358367E+001  0  0
9  1450000000.0  -1.081523E+001   5.119080E+001  0  0
10  1500000000.0  -1.029235E+001   4.000514E+001  0  0
11  1550000000.0  -9.946416E+000   3.013133E+001  0  0
12  1600000000.0  -9.348775E+000   1.431575E+001  0  0
13  1650000000.0  -8.726941E+000   2.476468E+000  0  0
14  1700000000.0  -8.307780E+000  -1.672826E+001  0  0
15  1750000000.0  -7.870487E+000  -4.139235E+001  0  0
16  1800000000.0  -8.432263E+000  -6.861923E+001  0  0
17  1850000000.0  -9.500606E+000  -9.975842E+001  0  0
18  1900000000.0  -1.101322E+001  -1.351603E+002  0  0
19  1950000000.0  -1.316338E+001  -1.742963E+002  0  0
20  2000000000.0  -1.432338E+001   1.561883E+002  0  0
21  2050000000.0  -1.492052E+001   1.228300E+002  0  0
22  2100000000.0  -1.510866E+001   9.917463E+001  0  0
23  2150000000.0  -1.521213E+001   7.486323E+001  0  0
24  2200000000.0  -1.530380E+001   5.825626E+001  0  0
25  2250000000.0  -1.546786E+001   4.716211E+001  0  0
26  2300000000.0  -1.613413E+001   3.334159E+001  0  0
27  2350000000.0  -1.711125E+001   2.643398E+001  0  0
28  2400000000.0  -1.748931E+001   1.144885E+001  0  0
29  2450000000.0  -1.881324E+001   1.248938E+001  0  0
30  2500000000.0  -1.898664E+001   1.294667E+001  0  0
31  2550000000.0  -1.923006E+001   1.049990E+001  0  0
32  2600000000.0  -1.924425E+001   1.260779E+001  0  0
33  2650000000.0  -1.904072E+001   5.749670E+000  0  0
34  2700000000.0  -1.805567E+001   6.432952E+000  0  0
35  2750000000.0  -1.866066E+001   1.325685E+000  0  0
36  2800000000.0  -1.794673E+001  -6.975809E+000  0  0
37  2850000000.0  -1.748386E+001  -1.023552E+001  0  0
38  2900000000.0  -1.739521E+001  -2.148339E+001  0  0
39  2950000000.0  -1.659368E+001  -2.908723E+001  0  0
40  3000000000.0  -1.683377E+001  -3.494659E+001  0  0
41  3050000000.0  -1.714608E+001  -5.002037E+001  0  0
42  3100000000.0  -1.676655E+001  -5.966775E+001  0  0
43  3150000000.0  -1.740998E+001  -7.356225E+001  0  0
44  3200000000.0  -1.812827E+001  -8.850927E+001  0  0
45  3250000000.0  -1.898369E+001  -1.076649E+002  0  0
46  3300000000.0  -1.995967E+001  -1.295457E+002  0  0
47  3350000000.0  -1.958381E+001  -1.506132E+002  0  0
48  3400000000.0  -2.052350E+001   1.790868E+002  0  0
49  3450000000.0  -1.979451E+001   1.503418E+002  0  0
50  3500000000.0  -1.802902E+001   1.185337E+002  0  0
51  3550000000.0  -1.719678E+001   9.588647E+001  0  0
52  3600000000.0  -1.657120E+001   7.258102E+001  0  0
53  3650000000.0  -1.604237E+001   5.194167E+001  0  0
54  3700000000.0  -1.539852E+001   3.629174E+001  0  0
55  3750000000.0  -1.557251E+001   1.944182E+001  0  0
56  3800000000.0  -1.618382E+001   3.148050E+000  0  0
57  3850000000.0  -1.712252E+001  -6.228931E+000  0  0
58  3900000000.0  -1.792255E+001  -1.512919E+001  0  0
59  3950000000.0  -1.889865E+001  -2.004269E+001  0  0
60  4000000000.0  -2.008527E+001  -2.074424E+001  0  0
61  4050000000.0  -1.941231E+001  -1.847462E+001  0  0
62  4100000000.0  -1.912843E+001  -2.649323E+001  0  0
63  4150000000.0  -1.833114E+001  -2.973954E+001  0  0
64  4200000000.0  -1.781247E+001  -4.249460E+001  0  0
65  4250000000.0  -1.785787E+001  -5.512561E+001  0  0
66  4300000000.0  -1.812956E+001  -7.172446E+001  0  0
67  4350000000.0  -1.931670E+001  -8.560207E+001  0  0
68  4400000000.0  -2.067365E+001  -1.057486E+002  0  0
69  4450000000.0  -2.326970E+001  -1.315055E+002  0  0
70  4500000000.0  -2.519797E+001  -1.609312E+002  0  0
71  4550000000.0  -2.606115E+001   1.479042E+002  0  0
72  4600000000.0  -2.506945E+001   1.045818E+002  0  0
73  4650000000.0  -2.163275E+001   7.556046E+001  0  0
74  4700000000.0  -2.055142E+001   5.201616E+001  0  0
75  4750000000.0  -1.833278E+001   4.059677E+001  0  0
76  4800000000.0  -1.730039E+001   1.977627E+001  0  0
77  4850000000.0  -1.682218E+001   5.017638E+000  0  0
78  4900000000.0  -1.607097E+001  -6.315035E+000  0  0
79  4950000000.0  -1.606299E+001  -1.706484E+001  0  0
80  5000000000.0  -1.551945E+001  -2.914147E+001  0  0
81  5050000000.0  -1.597222E+001  -3.961509E+001  0  0
82  5100000000.0  -1.612315E+001  -4.994051E+001  0  0
83  5150000000.0  -1.694577E+001  -6.032472E+001  0  0
84  5200000000.0  -1.745340E+001  -6.551945E+001  0  0
85  5250000000.0  -1.817872E+001  -7.628168E+001  0  0
86  5300000000.0  -1.916790E+001  -8.167184E+001  0  0
87  5350000000.0  -1.952066E+001  -8.435620E+001  0  0
88  5400000000.0  -2.061019E+001  -9.246599E+001  0  0
89  5450000000.0  -2.107207E+001  -1.003943E+002  0  0
90  5500000000.0  -2.260580E+001  -1.125856E+002  0  0
91  5550000000.0  -2.327170E+001  -1.241940E+002  0  0
92  5600000000.0  -2.476688E+001  -1.476264E+002  0  0
93  5650000000.0  -2.522392E+001  -1.726217E+002  0  0
94  5700000000.0  -2.486952E+001   1.508049E+002  0  0
95  5750000000.0  -2.416972E+001   1.116026E+002  0  0
96  5800000000.0  -2.250150E+001   8.359111E+001  0  0
97  5850000000.0  -2.036378E+001   5.900713E+001  0  0
98  5900000000.0  -1.875087E+001   4.082078E+001  0  0
99  5950000000.0  -1.755888E+001   2.415210E+001  0  0
100  6000000000.0  -1.665219E+001   6.461750E+000  0  0
101  6050000000.0  -1.655247E+001  -7.524603E+000  0  0
102  6100000000.0  -1.631719E+001  -1.943387E+001  0  0
103  6150000000.0  -1.643320E+001  -3.015332E+001  0  0
104  6200000000.0  -1.686694E+001  -3.892840E+001  0  0
105  6250000000.0  -1.753224E+001  -5.065699E+001  0  0
106  6300000000.0  -1.877678E+001  -5.547850E+001  0  0
107  6350000000.0  -1.995859E+001  -6.085644E+001  0  0
108  6400000000.0  -2.205762E+001  -5.956877E+001  0  0
109  6450000000.0  -2.286063E+001  -5.678966E+001  0  0
110  6500000000.0  -2.389981E+001  -3.752967E+001  0  0
111  6550000000.0  -2.255818E+001  -3.300087E+001  0  0
112  6600000000.0  -2.088411E+001  -2.273265E+001  0  0
113  6650000000.0  -1.922855E+001  -2.995078E+001  0  0
114  6700000000.0  -1.838115E+001  -2.921036E+001  0  0
115  6750000000.0  -1.728518E+001  -3.538070E+001  0  0
116  6800000000.0  -1.708242E+001  -4.090283E+001  0  0
117  6850000000.0  -1.640028E+001  -4.664977E+001  0  0
118  6900000000.0  -1.618999E+001  -4.936929E+001  0  0
119  6950000000.0  -1.579149E+001  -5.340304E+001  0  0
120  7000000000.0  -1.565156E+001  -5.827826E+001  0  0
121  7050000000.0  -1.548087E+001  -6.090498E+001  0  0
122  7100000000.0  -1.526584E+001  -6.617139E+001  0  0
123  7150000000.0  -1.477554E+001  -7.101003E+001  0  0
124  7200000000.0  -1.458031E+001  -7.530081E+001  0  0
125  7250000000.0  -1.445553E+001  -8.031350E+001  0  0
126  7300000000.0  -1.446090E+001  -8.671905E+001  0  0
127  7350000000.0  -1.420312E+001  -9.206731E+001  0  0
128  7400000000.0  -1.432490E+001  -9.739161E+001  0  0
129  7450000000.0  -1.450330E+001  -1.027471E+002  0  0
130  7500000000.0  -1.454576E+001  -1.068243E+002  0  0
131  7550000000.0  -1.442669E+001  -1.117560E+002  0  0
132  7600000000.0  -1.450639E+001  -1.162542E+002  0  0
133  7650000000.0  -1.497551E+001  -1.216861E+002  0  0
134  7700000000.0  -1.512284E+001  -1.255607E+002  0  0
135  7750000000.0  -1.525340E+001  -1.296376E+002  0  0
136  7800000000.0  -1.553790E+001  -1.365606E+002  0  0
137  7850000000.0  -1.518531E+001  -1.412643E+002  0  0
138  7900000000.0  -1.509431E+001  -1.451344E+002  0  0
139  7950000000.0  -1.497100E+001  -1.506210E+002  0  0
140  8000000000.0  -1.469462E+001  -1.583841E+002  0  0
141  8050000000.0  -1.486903E+001  -1.674657E+002  0  0
142  8100000000.0  -1.435691E+001  -1.774271E+002  0  0
143  8150000000.0  -1.423833E+001   1.741743E+002  0  0
144  8200000000.0  -1.436916E+001   1.644488E+002  0  0
145  8250000000.0  -1.433250E+001   1.555589E+002  0  0
146  8300000000.0  -1.454538E+001   1.430867E+002  0  0
147  8350000000.0  -1.450656E+001   1.302596E+002  0  0
148  8400000000.0  -1.473520E+001   1.180950E+002  0  0
149  8450000000.0  -1.493948E+001   1.082364E+002  0  0
150  8500000000.0  -1.537136E+001   9.666287E+001  0  0
151  8550000000.0  -1.564316E+001   8.754180E+001  0  0
152  8600000000.0  -1.610425E+001   7.874599E+001  0  0
153  8650000000.0  -1.650251E+001   7.355064E+001  0  0
154  8700000000.0  -1.685580E+001   6.975713E+001  0  0
155  8750000000.0  -1.701555E+001   6.835735E+001  0  0
156  8800000000.0  -1.633211E+001   6.807430E+001  0  0
157  8850000000.0  -1.522673E+001   6.438387E+001  0  0
158  8900000000.0  -1.406656E+001   5.905399E+001  0  0
159  8950000000.0  -1.308253E+001   5.212456E+001  0  0
160  9000000000.0  -1.230113E+001   4.361173E+001  0  0
161  9050000000.0  -1.191886E+001   3.494249E+001  0  0
162  9100000000.0  -1.147113E+001   2.734421E+001  0  0
163  9150000000.0  -1.113209E+001   1.955672E+001  0  0
164  9200000000.0  -1.107785E+001   1.239727E+001  0  0
165  9250000000.0  -1.103440E+001   6.435064E+000  0  0
166  9300000000.0  -1.111896E+001  -6.257607E-001  0  0
167  9350000000.0  -1.119934E+001  -6.329475E+000  0  0
168  9400000000.0  -1.141656E+001  -1.074256E+001  0  0
169  9450000000.0  -1.173450E+001  -1.396739E+001  0  0
170  9500000000.0  -1.214131E+001  -1.631740E+001  0  0
171  9550000000.0  -1.232300E+001  -1.764044E+001  0  0
172  9600000000.0  -1.237148E+001  -1.771309E+001  0  0
173  9650000000.0  -1.216645E+001  -1.791669E+001  0  0
174  9700000000.0  -1.199233E+001  -1.751486E+001  0  0
175  9750000000.0  -1.156697E+001  -1.748302E+001  0  0
176  9800000000.0  -1.115681E+001  -1.974378E+001  0  0
177  9850000000.0  -1.082084E+001  -2.149863E+001  0  0
178  9900000000.0  -1.042823E+001  -2.316943E+001  0  0
179  9950000000.0  -1.013520E+001  -2.510807E+001  0  0
180  10000000000.0  -9.751538E+000  -2.695944E+001  0  0
181  10050000000.0  -9.392585E+000  -2.923175E+001  0  0
182  10100000000.0  -9.009914E+000  -3.215179E+001  0  0
183  10150000000.0  -8.814387E+000  -3.454863E+001  0  0
184  10200000000.0  -8.547592E+000  -3.820540E+001  0  0
185  10250000000.0  -8.332624E+000  -4.094111E+001  0  0
186  10300000000.0  -8.043529E+000  -4.364672E+001  0  0
187  10350000000.0  -7.994253E+000  -4.713522E+001  0  0
188  10400000000.0  -7.832441E+000  -4.985269E+001  0  0
189  10450000000.0  -7.758892E+000  -5.342547E+001  0  0
190  10500000000.0  -7.824662E+000  -5.547344E+001  0  0
191  10550000000.0  -7.839274E+000  -5.798991E+001  0  0
192  10600000000.0  -7.884106E+000  -5.995303E+001  0  0
193  10650000000.0  -7.944998E+000  -6.203909E+001  0  0
194  10700000000.0  -7.939878E+000  -6.224489E+001  0  0
195  10750000000.0  -7.906765E+000  -6.366535E+001  0  0
196  10800000000.0  -7.892414E+000  -6.420123E+001  0  0
197  10850000000.0  -7.680626E+000  -6.545827E+001  0  0
198  10900000000.0  -7.451818E+000  -6.633427E+001  0  0
199  10950000000.0  -7.228401E+000  -6.797687E+001  0  0
200  11000000000.0  -6.966779E+000  -6.971686E+001  0  0
