0  1000000000.0  -6.307859E+000   2.275121E+001  0  0
1  1050000000.0  -9.160505E+000   2.624140E-001  0  0
2  1100000000.0  -1.365260E+001  -9.251960E+000  0  0
3  1150000000.0  -1.833617E+001  -2.123231E+001  0  0
4  1200000000.0  -3.382259E+001  -1.320159E+002  0  0
5  1250000000.0  -2.187514E+001   1.127955E+002  0  0
6  1300000000.0  -1.354201E+001   1.125331E+002  0  0
7  1350000000.0  -1.171463E+001   8.267899E+001  0  0
8  1400000000.0  -1.051674E+001   7.057961E+001  0  0
9  1450000000.0  -8.897210E+000   5.380196E+001  0  0
10  1500000000.0  -9.305386E+000   3.977379E+001  0  0
11  1550000000.0  -9.422745E+000   2.570354E+001  0  0
12  1600000000.0  -9.261752E+000   1.439976E+001  0  0
13  1650000000.0  -9.414656E+000   1.851931E-001  0  0
14  1700000000.0  -8.973093E+000  -1.499475E+001  0  0
15  1750000000.0  -9.118958E+000  -3.664749E+001  0  0
16  1800000000.0  -9.572346E+000  -6.590910E+001  0  0
17  1850000000.0  -1.047232E+001  -9.541963E+001  0  0
18  1900000000.0  -1.199649E+001  -1.304249E+002  0  0
19  1950000000.0  -1.292520E+001  -1.664411E+002  0  0
20  2000000000.0  -1.396826E+001   1.611229E+002  0  0
21  2050000000.0  -1.392178E+001   1.299102E+002  0  0
22  2100000000.0  -1.402483E+001   1.036088E+002  0  0
23  2150000000.0  -1.336287E+001   8.194006E+001  0  0
24  2200000000.0  -1.375343E+001   6.253064E+001  0  0
25  2250000000.0  -1.366072E+001   4.711696E+001  0  0
26  2300000000.0  -1.443881E+001   3.038198E+001  0  0
27  2350000000.0  -1.543524E+001   1.994212E+001  0  0
28  2400000000.0  -1.656289E+001   1.063654E+001  0  0
29  2450000000.0  -1.837982E+001   9.813736E+000  0  0
30  2500000000.0  -1.943646E+001   1.114003E+001  0  0
31  2550000000.0  -2.014357E+001   2.484995E+001  0  0
32  2600000000.0  -1.741127E+001   2.111890E+001  0  0
33  2650000000.0  -1.763628E+001   1.849776E+001  0  0
34  2700000000.0  -1.691705E+001   1.171807E+001  0  0
35  2750000000.0  -1.708912E+001   5.496066E+000  0  0
36  2800000000.0  -1.656913E+001  -1.090226E-001  0  0
37  2850000000.0  -1.666417E+001  -1.026907E+001  0  0
38  2900000000.0  -1.661872E+001  -1.655855E+001  0  0
39  2950000000.0  -1.654139E+001  -2.274890E+001  0  0
40  3000000000.0  -1.688703E+001  -2.998254E+001  0  0
41  3050000000.0  -1.670647E+001  -3.606055E+001  0  0
42  3100000000.0  -1.662636E+001  -5.216052E+001  0  0
43  3150000000.0  -1.756216E+001  -6.545137E+001  0  0
44  3200000000.0  -1.826474E+001  -8.447427E+001  0  0
45  3250000000.0  -1.878170E+001  -1.006915E+002  0  0
46  3300000000.0  -1.946886E+001  -1.296896E+002  0  0
47  3350000000.0  -2.096036E+001  -1.592618E+002  0  0
48  3400000000.0  -2.045733E+001   1.673854E+002  0  0
49  3450000000.0  -1.993474E+001   1.367305E+002  0  0
50  3500000000.0  -1.893732E+001   1.107090E+002  0  0
51  3550000000.0  -1.752106E+001   8.845568E+001  0  0
52  3600000000.0  -1.644680E+001   7.130407E+001  0  0
53  3650000000.0  -1.554616E+001   5.039110E+001  0  0
54  3700000000.0  -1.525400E+001   3.394788E+001  0  0
55  3750000000.0  -1.506885E+001   1.989554E+001  0  0
56  3800000000.0  -1.524831E+001   7.662514E+000  0  0
57  3850000000.0  -1.582679E+001  -4.689339E+000  0  0
58  3900000000.0  -1.655217E+001  -1.531266E+001  0  0
59  3950000000.0  -1.770585E+001  -1.895864E+001  0  0
60  4000000000.0  -1.823880E+001  -1.870462E+001  0  0
61  4050000000.0  -1.818436E+001  -1.869370E+001  0  0
62  4100000000.0  -1.746439E+001  -2.237487E+001  0  0
63  4150000000.0  -1.741272E+001  -3.008984E+001  0  0
64  4200000000.0  -1.672625E+001  -4.154891E+001  0  0
65  4250000000.0  -1.737864E+001  -5.160999E+001  0  0
66  4300000000.0  -1.729084E+001  -6.259554E+001  0  0
67  4350000000.0  -1.883214E+001  -8.428374E+001  0  0
68  4400000000.0  -2.021281E+001  -9.530165E+001  0  0
69  4450000000.0  -2.226440E+001  -1.233169E+002  0  0
70  4500000000.0  -2.588686E+001  -1.470541E+002  0  0
71  4550000000.0  -2.736098E+001   1.570647E+002  0  0
72  4600000000.0  -2.553736E+001   9.947945E+001  0  0
73  4650000000.0  -2.274399E+001   6.947408E+001  0  0
74  4700000000.0  -2.002567E+001   4.977147E+001  0  0
75  4750000000.0  -1.811920E+001   3.267429E+001  0  0
76  4800000000.0  -1.690588E+001   1.828022E+001  0  0
77  4850000000.0  -1.595955E+001   2.823477E+000  0  0
78  4900000000.0  -1.561890E+001  -7.596204E+000  0  0
79  4950000000.0  -1.515650E+001  -2.051236E+001  0  0
80  5000000000.0  -1.518123E+001  -3.217583E+001  0  0
81  5050000000.0  -1.509890E+001  -4.349689E+001  0  0
82  5100000000.0  -1.606511E+001  -5.326140E+001  0  0
83  5150000000.0  -1.636905E+001  -6.074466E+001  0  0
84  5200000000.0  -1.663018E+001  -6.868351E+001  0  0
85  5250000000.0  -1.744848E+001  -7.390791E+001  0  0
86  5300000000.0  -1.821045E+001  -8.091216E+001  0  0
87  5350000000.0  -1.892522E+001  -8.443584E+001  0  0
88  5400000000.0  -1.923647E+001  -9.235852E+001  0  0
89  5450000000.0  -1.966875E+001  -9.767970E+001  0  0
90  5500000000.0  -2.047142E+001  -1.067903E+002  0  0
91  5550000000.0  -2.140469E+001  -1.206752E+002  0  0
92  5600000000.0  -2.249281E+001  -1.361157E+002  0  0
93  5650000000.0  -2.404789E+001  -1.629569E+002  0  0
94  5700000000.0  -2.512048E+001   1.680694E+002  0  0
95  5750000000.0  -2.543324E+001   1.288406E+002  0  0
96  5800000000.0  -2.388797E+001   9.315860E+001  0  0
97  5850000000.0  -2.228545E+001   6.694924E+001  0  0
98  5900000000.0  -2.006094E+001   4.457240E+001  0  0
99  5950000000.0  -1.845806E+001   2.686537E+001  0  0
100  6000000000.0  -1.730215E+001   8.836708E+000  0  0
101  6050000000.0  -1.687613E+001  -4.379775E+000  0  0
102  6100000000.0  -1.602353E+001  -1.787064E+001  0  0
103  6150000000.0  -1.605003E+001  -3.155375E+001  0  0
104  6200000000.0  -1.635339E+001  -4.245419E+001  0  0
105  6250000000.0  -1.704841E+001  -5.247396E+001  0  0
106  6300000000.0  -1.813802E+001  -6.039483E+001  0  0
107  6350000000.0  -1.938578E+001  -6.432222E+001  0  0
108  6400000000.0  -2.105062E+001  -6.830529E+001  0  0
109  6450000000.0  -2.305243E+001  -6.696889E+001  0  0
110  6500000000.0  -2.415689E+001  -5.213836E+001  0  0
111  6550000000.0  -2.328482E+001  -3.659073E+001  0  0
112  6600000000.0  -2.188549E+001  -3.034286E+001  0  0
113  6650000000.0  -2.005489E+001  -3.131675E+001  0  0
114  6700000000.0  -1.900918E+001  -3.274888E+001  0  0
115  6750000000.0  -1.756310E+001  -3.726696E+001  0  0
116  6800000000.0  -1.718517E+001  -4.376709E+001  0  0
117  6850000000.0  -1.673470E+001  -4.762671E+001  0  0
118  6900000000.0  -1.608272E+001  -5.292862E+001  0  0
119  6950000000.0  -1.588797E+001  -5.829685E+001  0  0
120  7000000000.0  -1.558997E+001  -6.256257E+001  0  0
121  7050000000.0  -1.544535E+001  -6.516399E+001  0  0
122  7100000000.0  -1.543742E+001  -6.909737E+001  0  0
123  7150000000.0  -1.489453E+001  -7.348373E+001  0  0
124  7200000000.0  -1.464706E+001  -7.815604E+001  0  0
125  7250000000.0  -1.458616E+001  -8.291091E+001  0  0
126  7300000000.0  -1.424795E+001  -8.836573E+001  0  0
127  7350000000.0  -1.410632E+001  -9.525297E+001  0  0
128  7400000000.0  -1.397501E+001  -9.997057E+001  0  0
129  7450000000.0  -1.403785E+001  -1.071336E+002  0  0
130  7500000000.0  -1.431610E+001  -1.137464E+002  0  0
131  7550000000.0  -1.425408E+001  -1.192389E+002  0  0
132  7600000000.0  -1.449563E+001  -1.239584E+002  0  0
133  7650000000.0  -1.494085E+001  -1.283449E+002  0  0
134  7700000000.0  -1.488621E+001  -1.331801E+002  0  0
135  7750000000.0  -1.522761E+001  -1.369352E+002  0  0
136  7800000000.0  -1.506398E+001  -1.441166E+002  0  0
137  7850000000.0  -1.492775E+001  -1.512172E+002  0  0
138  7900000000.0  -1.486524E+001  -1.553640E+002  0  0
139  7950000000.0  -1.474971E+001  -1.631523E+002  0  0
140  8000000000.0  -1.464671E+001  -1.722272E+002  0  0
141  8050000000.0  -1.489204E+001   1.785349E+002  0  0
142  8100000000.0  -1.450949E+001   1.664533E+002  0  0
143  8150000000.0  -1.473172E+001   1.593579E+002  0  0
144  8200000000.0  -1.458804E+001   1.489484E+002  0  0
145  8250000000.0  -1.489633E+001   1.379729E+002  0  0
146  8300000000.0  -1.502410E+001   1.258986E+002  0  0
147  8350000000.0  -1.511545E+001   1.153625E+002  0  0
148  8400000000.0  -1.539955E+001   1.036114E+002  0  0
149  8450000000.0  -1.569995E+001   9.391591E+001  0  0
150  8500000000.0  -1.614426E+001   8.322172E+001  0  0
151  8550000000.0  -1.664254E+001   7.413466E+001  0  0
152  8600000000.0  -1.734991E+001   6.591214E+001  0  0
153  8650000000.0  -1.815442E+001   6.131444E+001  0  0
154  8700000000.0  -1.875693E+001   6.125529E+001  0  0
155  8750000000.0  -1.894317E+001   6.504727E+001  0  0
156  8800000000.0  -1.801789E+001   6.985255E+001  0  0
157  8850000000.0  -1.629508E+001   6.931779E+001  0  0
158  8900000000.0  -1.471782E+001   6.480494E+001  0  0
159  8950000000.0  -1.362050E+001   5.768680E+001  0  0
160  9000000000.0  -1.245302E+001   4.931676E+001  0  0
161  9050000000.0  -1.197777E+001   3.931653E+001  0  0
162  9100000000.0  -1.143312E+001   3.164187E+001  0  0
163  9150000000.0  -1.106294E+001   2.293635E+001  0  0
164  9200000000.0  -1.100767E+001   1.578644E+001  0  0
165  9250000000.0  -1.082468E+001   9.256341E+000  0  0
166  9300000000.0  -1.094038E+001   1.820122E+000  0  0
167  9350000000.0  -1.107724E+001  -3.108885E+000  0  0
168  9400000000.0  -1.139290E+001  -7.393370E+000  0  0
169  9450000000.0  -1.170504E+001  -1.051479E+001  0  0
170  9500000000.0  -1.208310E+001  -1.166171E+001  0  0
171  9550000000.0  -1.226068E+001  -1.299512E+001  0  0
172  9600000000.0  -1.238139E+001  -1.257738E+001  0  0
173  9650000000.0  -1.211309E+001  -1.258388E+001  0  0
174  9700000000.0  -1.193772E+001  -1.241016E+001  0  0
175  9750000000.0  -1.164485E+001  -1.290191E+001  0  0
176  9800000000.0  -1.114959E+001  -1.476301E+001  0  0
177  9850000000.0  -1.080765E+001  -1.631655E+001  0  0
178  9900000000.0  -1.039449E+001  -1.810843E+001  0  0
179  9950000000.0  -1.002399E+001  -2.097149E+001  0  0
180  10000000000.0  -9.649853E+000  -2.288810E+001  0  0
181  10050000000.0  -9.270428E+000  -2.563745E+001  0  0
182  10100000000.0  -8.957373E+000  -2.805208E+001  0  0
183  10150000000.0  -8.685204E+000  -3.029569E+001  0  0
184  10200000000.0  -8.405185E+000  -3.369450E+001  0  0
185  10250000000.0  -8.178761E+000  -3.645214E+001  0  0
186  10300000000.0  -7.950767E+000  -3.947432E+001  0  0
187  10350000000.0  -7.846587E+000  -4.290954E+001  0  0
188  10400000000.0  -7.791898E+000  -4.591980E+001  0  0
189  10450000000.0  -7.657401E+000  -4.895542E+001  0  0
190  10500000000.0  -7.707454E+000  -5.162841E+001  0  0
191  10550000000.0  -7.779051E+000  -5.368541E+001  0  0
192  10600000000.0  -7.805453E+000  -5.626830E+001  0  0
193  10650000000.0  -7.852356E+000  -5.759411E+001  0  0
194  10700000000.0  -7.861744E+000  -5.801562E+001  0  0
195  10750000000.0  -7.783601E+000  -5.925406E+001  0  0
196  10800000000.0  -7.743866E+000  -6.012826E+001  0  0
197  10850000000.0  -7.547779E+000  -6.100291E+001  0  0
198  10900000000.0  -7.294503E+000  -6.204337E+001  0  0
199  10950000000.0  -7.123762E+000  -6.368101E+001  0  0
200  11000000000.0  -6.875249E+000  -6.528796E+001  0  0
