0 1000000000.0 -5.573005E+000  1.301916E+001 0 0
1 1050000000.0 -8.543976E+000 -7.937109E+000 0 0
2 1100000000.0 -1.344614E+001 -3.075645E+001 0 0
3 1150000000.0 -2.046365E+001 -6.647801E+001 0 0
4 1200000000.0 -2.996175E+001  1.444778E+002 0 0
5 1250000000.0 -2.032641E+001  1.050181E+002 0 0
6 1300000000.0 -1.437701E+001  8.567002E+001 0 0
7 1350000000.0 -1.464158E+001  6.616808E+001 0 0
8 1400000000.0 -1.201546E+001  6.603627E+001 0 0
9 1450000000.0 -1.078014E+001  4.856389E+001 0 0
10 1500000000.0 -9.929122E+000  3.776752E+001 0 0
11 1550000000.0 -9.389891E+000  2.210133E+001 0 0
12 1600000000.0 -9.033020E+000  6.769521E+000 0 0
13 1650000000.0 -9.187278E+000 -8.815898E+000 0 0
14 1700000000.0 -9.361417E+000 -2.747511E+001 0 0
15 1750000000.0 -1.011019E+001 -4.416835E+001 0 0
16 1800000000.0 -1.035828E+001 -6.272124E+001 0 0
17 1850000000.0 -1.141196E+001 -9.256303E+001 0 0
18 1900000000.0 -1.366148E+001 -1.179140E+002 0 0
19 1950000000.0 -1.475327E+001 -1.485199E+002 0 0
20 2000000000.0 -1.723778E+001  1.764921E+002 0 0
21 2050000000.0 -1.817019E+001  1.560488E+002 0 0
22 2100000000.0 -1.679994E+001  1.263516E+002 0 0
23 2150000000.0 -1.631374E+001  9.443587E+001 0 0
24 2200000000.0 -1.493870E+001  7.156353E+001 0 0
25 2250000000.0 -1.456633E+001  5.033580E+001 0 0
26 2300000000.0 -1.511949E+001  3.279582E+001 0 0
27 2350000000.0 -1.470859E+001  1.436124E+001 0 0
28 2400000000.0 -1.597301E+001 -8.929498E-002 0 0
29 2450000000.0 -1.774375E+001 -1.321524E+001 0 0
30 2500000000.0 -2.008371E+001 -2.155589E+001 0 0
31 2550000000.0 -2.117979E+001 -1.763817E+001 0 0
32 2600000000.0 -2.296881E+001 -1.061744E+001 0 0
33 2650000000.0 -2.192779E+001  7.708212E+000 0 0
34 2700000000.0 -1.984792E+001  2.105030E+000 0 0
35 2750000000.0 -1.913776E+001  1.436349E+000 0 0
36 2800000000.0 -1.763858E+001 -5.781089E+000 0 0
37 2850000000.0 -1.688287E+001 -1.545199E+001 0 0
38 2900000000.0 -1.645143E+001 -2.547996E+001 0 0
39 2950000000.0 -1.676308E+001 -3.527225E+001 0 0
40 3000000000.0 -1.726542E+001 -4.328481E+001 0 0
41 3050000000.0 -1.701086E+001 -5.204504E+001 0 0
42 3100000000.0 -1.658927E+001 -6.175043E+001 0 0
43 3150000000.0 -1.711827E+001 -7.436425E+001 0 0
44 3200000000.0 -1.686441E+001 -9.021387E+001 0 0
45 3250000000.0 -1.679274E+001 -1.054535E+002 0 0
46 3300000000.0 -1.734792E+001 -1.297273E+002 0 0
47 3350000000.0 -1.788161E+001 -1.506545E+002 0 0
48 3400000000.0 -1.820679E+001 -1.765436E+002 0 0
49 3450000000.0 -1.823044E+001  1.599025E+002 0 0
50 3500000000.0 -1.848157E+001  1.293647E+002 0 0
51 3550000000.0 -1.892550E+001  1.033317E+002 0 0
52 3600000000.0 -1.785571E+001  8.098380E+001 0 0
53 3650000000.0 -1.726989E+001  5.488400E+001 0 0
54 3700000000.0 -1.697806E+001  3.249827E+001 0 0
55 3750000000.0 -1.767115E+001  1.358386E+001 0 0
56 3800000000.0 -1.734904E+001  1.264007E+000 0 0
57 3850000000.0 -1.800401E+001 -1.226721E+001 0 0
58 3900000000.0 -1.899664E+001 -2.169742E+001 0 0
59 3950000000.0 -2.085760E+001 -2.589535E+001 0 0
60 4000000000.0 -2.192933E+001 -2.389310E+001 0 0
61 4050000000.0 -2.083845E+001 -2.438831E+001 0 0
62 4100000000.0 -2.036769E+001 -3.043398E+001 0 0
63 4150000000.0 -1.988596E+001 -3.878426E+001 0 0
64 4200000000.0 -1.912903E+001 -4.807175E+001 0 0
65 4250000000.0 -1.883280E+001 -6.299758E+001 0 0
66 4300000000.0 -1.865123E+001 -7.647681E+001 0 0
67 4350000000.0 -1.953028E+001 -9.717035E+001 0 0
68 4400000000.0 -1.998022E+001 -1.164545E+002 0 0
69 4450000000.0 -2.160882E+001 -1.343603E+002 0 0
70 4500000000.0 -2.252029E+001 -1.576613E+002 0 0
71 4550000000.0 -2.266909E+001  1.681310E+002 0 0
72 4600000000.0 -2.322638E+001  1.337488E+002 0 0
73 4650000000.0 -2.196860E+001  9.989050E+001 0 0
74 4700000000.0 -2.100701E+001  7.245636E+001 0 0
75 4750000000.0 -1.964810E+001  5.128803E+001 0 0
76 4800000000.0 -1.881699E+001  3.000373E+001 0 0
77 4850000000.0 -1.792212E+001  1.304169E+001 0 0
78 4900000000.0 -1.766356E+001  9.238402E-002 0 0
79 4950000000.0 -1.742254E+001 -1.463513E+001 0 0
80 5000000000.0 -1.752466E+001 -2.690862E+001 0 0
81 5050000000.0 -1.753599E+001 -4.096624E+001 0 0
82 5100000000.0 -1.787910E+001 -5.319641E+001 0 0
83 5150000000.0 -1.854601E+001 -6.413848E+001 0 0
84 5200000000.0 -1.910511E+001 -7.136546E+001 0 0
85 5250000000.0 -1.957329E+001 -8.167722E+001 0 0
86 5300000000.0 -2.088528E+001 -8.743732E+001 0 0
87 5350000000.0 -2.146120E+001 -9.653495E+001 0 0
88 5400000000.0 -2.193019E+001 -1.018331E+002 0 0
89 5450000000.0 -2.241567E+001 -1.107238E+002 0 0
90 5500000000.0 -2.322563E+001 -1.238974E+002 0 0
91 5550000000.0 -2.361171E+001 -1.410874E+002 0 0
92 5600000000.0 -2.306153E+001 -1.634151E+002 0 0
93 5650000000.0 -2.317996E+001  1.662086E+002 0 0
94 5700000000.0 -2.290754E+001  1.442813E+002 0 0
95 5750000000.0 -2.233436E+001  1.206159E+002 0 0
96 5800000000.0 -2.120966E+001  9.632072E+001 0 0
97 5850000000.0 -2.007506E+001  7.869299E+001 0 0
98 5900000000.0 -1.879652E+001  6.037123E+001 0 0
99 5950000000.0 -1.788825E+001  4.250391E+001 0 0
100 6000000000.0 -1.743619E+001  2.521245E+001 0 0
101 6050000000.0 -1.754247E+001  1.161277E+001 0 0
102 6100000000.0 -1.736578E+001 -4.820481E+000 0 0
103 6150000000.0 -1.793096E+001 -1.632227E+001 0 0
104 6200000000.0 -1.829827E+001 -2.816509E+001 0 0
105 6250000000.0 -1.911461E+001 -3.794224E+001 0 0
106 6300000000.0 -2.046079E+001 -4.179750E+001 0 0
107 6350000000.0 -2.198960E+001 -4.738207E+001 0 0
108 6400000000.0 -2.429215E+001 -5.012989E+001 0 0
109 6450000000.0 -2.591385E+001 -3.584423E+001 0 0
110 6500000000.0 -2.584090E+001 -1.624531E+001 0 0
111 6550000000.0 -2.383652E+001 -5.243762E+000 0 0
112 6600000000.0 -2.221885E+001 -5.127528E+000 0 0
113 6650000000.0 -2.034097E+001 -8.636324E+000 0 0
114 6700000000.0 -1.904341E+001 -1.291958E+001 0 0
115 6750000000.0 -1.796685E+001 -1.797871E+001 0 0
116 6800000000.0 -1.765187E+001 -2.498226E+001 0 0
117 6850000000.0 -1.726208E+001 -3.028914E+001 0 0
118 6900000000.0 -1.670742E+001 -3.376945E+001 0 0
119 6950000000.0 -1.650323E+001 -3.923539E+001 0 0
120 7000000000.0 -1.642069E+001 -4.359025E+001 0 0
121 7050000000.0 -1.622228E+001 -4.664692E+001 0 0
122 7100000000.0 -1.608696E+001 -5.170585E+001 0 0
123 7150000000.0 -1.558557E+001 -5.546803E+001 0 0
124 7200000000.0 -1.545107E+001 -6.009390E+001 0 0
125 7250000000.0 -1.537401E+001 -6.429188E+001 0 0
126 7300000000.0 -1.546443E+001 -7.006045E+001 0 0
127 7350000000.0 -1.523249E+001 -7.700618E+001 0 0
128 7400000000.0 -1.535003E+001 -8.208078E+001 0 0
129 7450000000.0 -1.573604E+001 -8.773215E+001 0 0
130 7500000000.0 -1.577646E+001 -9.406037E+001 0 0
131 7550000000.0 -1.589863E+001 -9.884512E+001 0 0
132 7600000000.0 -1.594083E+001 -1.023297E+002 0 0
133 7650000000.0 -1.649018E+001 -1.051276E+002 0 0
134 7700000000.0 -1.636803E+001 -1.073834E+002 0 0
135 7750000000.0 -1.649463E+001 -1.087744E+002 0 0
136 7800000000.0 -1.677360E+001 -1.148094E+002 0 0
137 7850000000.0 -1.630490E+001 -1.196040E+002 0 0
138 7900000000.0 -1.605293E+001 -1.231843E+002 0 0
139 7950000000.0 -1.563622E+001 -1.298050E+002 0 0
140 8000000000.0 -1.548521E+001 -1.384755E+002 0 0
141 8050000000.0 -1.589113E+001 -1.470660E+002 0 0
142 8100000000.0 -1.546487E+001 -1.595105E+002 0 0
143 8150000000.0 -1.519368E+001 -1.691232E+002 0 0
144 8200000000.0 -1.528104E+001 -1.796341E+002 0 0
145 8250000000.0 -1.527792E+001  1.697218E+002 0 0
146 8300000000.0 -1.559966E+001  1.585289E+002 0 0
147 8350000000.0 -1.535753E+001  1.464389E+002 0 0
148 8400000000.0 -1.558954E+001  1.339938E+002 0 0
149 8450000000.0 -1.557295E+001  1.241499E+002 0 0
150 8500000000.0 -1.578847E+001  1.120343E+002 0 0
151 8550000000.0 -1.578506E+001  1.009877E+002 0 0
152 8600000000.0 -1.580705E+001  8.921668E+001 0 0
153 8650000000.0 -1.604420E+001  7.847556E+001 0 0
154 8700000000.0 -1.608526E+001  6.946066E+001 0 0
155 8750000000.0 -1.651627E+001  6.158566E+001 0 0
156 8800000000.0 -1.699322E+001  5.848695E+001 0 0
157 8850000000.0 -1.712786E+001  5.683943E+001 0 0
158 8900000000.0 -1.691598E+001  5.713493E+001 0 0
159 8950000000.0 -1.624968E+001  5.907560E+001 0 0
160 9000000000.0 -1.489715E+001  5.681183E+001 0 0
161 9050000000.0 -1.393505E+001  5.094286E+001 0 0
162 9100000000.0 -1.293076E+001  4.515940E+001 0 0
163 9150000000.0 -1.205124E+001  3.732991E+001 0 0
164 9200000000.0 -1.165462E+001  3.074198E+001 0 0
165 9250000000.0 -1.137066E+001  2.395850E+001 0 0
166 9300000000.0 -1.119901E+001  1.659430E+001 0 0
167 9350000000.0 -1.108894E+001  1.058189E+001 0 0
168 9400000000.0 -1.116167E+001  5.429636E+000 0 0
169 9450000000.0 -1.121825E+001  1.988998E+000 0 0
170 9500000000.0 -1.136698E+001 -9.195805E-002 0 0
171 9550000000.0 -1.141696E+001 -2.196509E+000 0 0
172 9600000000.0 -1.150696E+001 -2.460851E+000 0 0
173 9650000000.0 -1.128593E+001 -3.778247E+000 0 0
174 9700000000.0 -1.100979E+001 -4.000499E+000 0 0
175 9750000000.0 -1.072022E+001 -5.670196E+000 0 0
176 9800000000.0 -1.033089E+001 -7.932110E+000 0 0
177 9850000000.0 -9.995235E+000 -1.037632E+001 0 0
178 9900000000.0 -9.670149E+000 -1.267133E+001 0 0
179 9950000000.0 -9.362460E+000 -1.559924E+001 0 0
180 10000000000.0 -9.147650E+000 -1.831383E+001 0 0
181 10050000000.0 -8.774923E+000 -2.144369E+001 0 0
182 10100000000.0 -8.466904E+000 -2.373824E+001 0 0
183 10150000000.0 -8.213020E+000 -2.587525E+001 0 0
184 10200000000.0 -7.951170E+000 -2.920090E+001 0 0
185 10250000000.0 -7.680346E+000 -3.158528E+001 0 0
186 10300000000.0 -7.464764E+000 -3.483767E+001 0 0
187 10350000000.0 -7.296227E+000 -3.803730E+001 0 0
188 10400000000.0 -7.219453E+000 -4.038044E+001 0 0
189 10450000000.0 -7.148017E+000 -4.372533E+001 0 0
190 10500000000.0 -7.148577E+000 -4.566965E+001 0 0
191 10550000000.0 -7.210687E+000 -4.800502E+001 0 0
192 10600000000.0 -7.260537E+000 -5.048201E+001 0 0
193 10650000000.0 -7.310004E+000 -5.259501E+001 0 0
194 10700000000.0 -7.323298E+000 -5.317318E+001 0 0
195 10750000000.0 -7.280708E+000 -5.398940E+001 0 0
196 10800000000.0 -7.235028E+000 -5.532580E+001 0 0
197 10850000000.0 -7.057714E+000 -5.636634E+001 0 0
198 10900000000.0 -6.840291E+000 -5.757952E+001 0 0
199 10950000000.0 -6.674984E+000 -5.922577E+001 0 0
200 11000000000.0 -6.463594E+000 -6.098649E+001 0 0
