0 1000000000.0 -8.396486E+001  3.827016E+001 0 0
1 1050000000.0 -8.330452E+001  2.786284E+001 0 0
2 1100000000.0 -9.349766E+001 -3.704453E+001 0 0
3 1150000000.0 -8.218952E+001 -5.921755E+001 0 0
4 1200000000.0 -8.008015E+001 -1.551395E+002 0 0
5 1250000000.0 -8.433952E+001  1.408075E+002 0 0
6 1300000000.0 -7.826695E+001  8.897516E+001 0 0
7 1350000000.0 -7.991080E+001  5.852693E+001 0 0
8 1400000000.0 -7.486391E+001  2.128733E+001 0 0
9 1450000000.0 -7.378805E+001 -1.950564E+001 0 0
10 1500000000.0 -7.862318E+001 -6.259379E+001 0 0
11 1550000000.0 -7.683768E+001 -6.162254E+001 0 0
12 1600000000.0 -7.370355E+001 -8.447929E+001 0 0
13 1650000000.0 -7.322472E+001 -1.080230E+002 0 0
14 1700000000.0 -7.184103E+001 -1.551092E+002 0 0
15 1750000000.0 -7.233859E+001 -1.623408E+002 0 0
16 1800000000.0 -7.056573E+001  1.658797E+002 0 0
17 1850000000.0 -6.816048E+001  1.326788E+002 0 0
18 1900000000.0 -6.632419E+001  8.542416E+001 0 0
19 1950000000.0 -6.736508E+001  4.753764E+001 0 0
20 2000000000.0 -6.789369E+001  9.084574E+000 0 0
21 2050000000.0 -6.886108E+001 -2.270108E+001 0 0
22 2100000000.0 -6.854463E+001 -6.732468E+001 0 0
23 2150000000.0 -7.020213E+001 -1.083811E+002 0 0
24 2200000000.0 -7.216547E+001 -1.451507E+002 0 0
25 2250000000.0 -7.463978E+001 -1.758694E+002 0 0
26 2300000000.0 -7.656627E+001  1.499534E+002 0 0
27 2350000000.0 -8.225208E+001  1.174974E+002 0 0
28 2400000000.0 -9.741853E+001  3.308143E+001 0 0
29 2450000000.0 -9.335400E+001  9.991054E+001 0 0
30 2500000000.0 -9.881784E+001  8.121477E+001 0 0
31 2550000000.0 -8.845425E+001  1.508823E+002 0 0
32 2600000000.0 -8.797248E+001  1.150331E+002 0 0
33 2650000000.0 -8.231011E+001  8.219622E+001 0 0
34 2700000000.0 -7.839147E+001  3.829925E+001 0 0
35 2750000000.0 -7.902782E+001  2.907114E+001 0 0
36 2800000000.0 -7.738228E+001 -1.065781E+001 0 0
37 2850000000.0 -7.615620E+001 -3.042489E+001 0 0
38 2900000000.0 -7.592093E+001 -6.609988E+001 0 0
39 2950000000.0 -7.540284E+001 -1.025710E+002 0 0
40 3000000000.0 -7.539565E+001 -1.195107E+002 0 0
41 3050000000.0 -7.508292E+001 -1.591519E+002 0 0
42 3100000000.0 -7.490977E+001  1.768379E+002 0 0
43 3150000000.0 -7.487725E+001  1.269789E+002 0 0
44 3200000000.0 -7.831793E+001  1.037885E+002 0 0
45 3250000000.0 -7.711436E+001  7.728601E+001 0 0
46 3300000000.0 -7.646654E+001  4.577832E+001 0 0
47 3350000000.0 -7.700780E+001  8.396083E+000 0 0
48 3400000000.0 -7.755181E+001 -2.751259E+001 0 0
49 3450000000.0 -8.155258E+001 -5.406638E+001 0 0
50 3500000000.0 -8.134902E+001 -1.007526E+002 0 0
51 3550000000.0 -8.046647E+001 -1.187305E+002 0 0
52 3600000000.0 -8.406905E+001 -1.641359E+002 0 0
53 3650000000.0 -7.971671E+001  1.617384E+002 0 0
54 3700000000.0 -7.918756E+001  1.401230E+002 0 0
55 3750000000.0 -8.851279E+001  1.032184E+002 0 0
56 3800000000.0 -8.420024E+001  9.500807E+001 0 0
57 3850000000.0 -7.957239E+001  9.511506E+001 0 0
58 3900000000.0 -7.989361E+001  5.057556E+001 0 0
59 3950000000.0 -7.768726E+001  3.062526E+001 0 0
60 4000000000.0 -7.436530E+001 -9.993503E+000 0 0
61 4050000000.0 -7.438149E+001 -3.509207E+001 0 0
62 4100000000.0 -7.365260E+001 -6.915448E+001 0 0
63 4150000000.0 -7.521426E+001 -1.041597E+002 0 0
64 4200000000.0 -7.326884E+001 -1.276129E+002 0 0
65 4250000000.0 -7.468361E+001 -1.527608E+002 0 0
66 4300000000.0 -7.613498E+001  1.750298E+002 0 0
67 4350000000.0 -7.396677E+001  1.529448E+002 0 0
68 4400000000.0 -7.425803E+001  1.137476E+002 0 0
69 4450000000.0 -7.525085E+001  9.640469E+001 0 0
70 4500000000.0 -7.595969E+001  6.389496E+001 0 0
71 4550000000.0 -7.552576E+001  4.055501E+001 0 0
72 4600000000.0 -7.507005E+001  2.058363E+001 0 0
73 4650000000.0 -7.522786E+001 -1.943352E+001 0 0
74 4700000000.0 -7.550557E+001 -3.300586E+001 0 0
75 4750000000.0 -7.391756E+001 -6.896901E+001 0 0
76 4800000000.0 -7.342135E+001 -1.009030E+002 0 0
77 4850000000.0 -7.454926E+001 -1.266410E+002 0 0
78 4900000000.0 -7.486522E+001 -1.642390E+002 0 0
79 4950000000.0 -7.742624E+001  1.701678E+002 0 0
80 5000000000.0 -7.160069E+001  1.573974E+002 0 0
81 5050000000.0 -7.372855E+001  9.827756E+001 0 0
82 5100000000.0 -7.688386E+001  1.130090E+002 0 0
83 5150000000.0 -7.015043E+001  6.528594E+001 0 0
84 5200000000.0 -7.290511E+001  5.113596E+000 0 0
85 5250000000.0 -7.570224E+001  2.720125E+001 0 0
86 5300000000.0 -6.982298E+001 -1.386231E+001 0 0
87 5350000000.0 -7.267843E+001 -6.914449E+001 0 0
88 5400000000.0 -7.310558E+001 -5.682278E+001 0 0
89 5450000000.0 -6.848131E+001 -1.141640E+002 0 0
90 5500000000.0 -7.586528E+001 -1.516233E+002 0 0
91 5550000000.0 -7.111862E+001 -1.510857E+002 0 0
92 5600000000.0 -6.999509E+001  1.623554E+002 0 0
93 5650000000.0 -7.208577E+001  1.331258E+002 0 0
94 5700000000.0 -6.928706E+001  1.073929E+002 0 0
95 5750000000.0 -6.953482E+001  6.777216E+001 0 0
96 5800000000.0 -6.997867E+001  4.020410E+001 0 0
97 5850000000.0 -6.754159E+001  4.010541E+000 0 0
98 5900000000.0 -6.817908E+001 -3.585425E+001 0 0
99 5950000000.0 -6.859423E+001 -6.628236E+001 0 0
100 6000000000.0 -6.797544E+001 -1.014083E+002 0 0
101 6050000000.0 -6.771178E+001 -1.304359E+002 0 0
102 6100000000.0 -6.936622E+001 -1.697010E+002 0 0
103 6150000000.0 -6.873569E+001  1.627128E+002 0 0
104 6200000000.0 -7.013995E+001  1.331262E+002 0 0
105 6250000000.0 -6.916621E+001  1.075833E+002 0 0
106 6300000000.0 -7.060680E+001  7.607114E+001 0 0
107 6350000000.0 -7.070430E+001  4.481080E+001 0 0
108 6400000000.0 -7.075239E+001  1.439449E+001 0 0
109 6450000000.0 -7.107936E+001 -9.009290E+000 0 0
110 6500000000.0 -7.023334E+001 -3.732544E+001 0 0
111 6550000000.0 -7.000138E+001 -7.141639E+001 0 0
112 6600000000.0 -6.995039E+001 -1.127630E+002 0 0
113 6650000000.0 -7.044573E+001 -1.376656E+002 0 0
114 6700000000.0 -7.003679E+001 -1.626467E+002 0 0
115 6750000000.0 -6.989903E+001  1.635922E+002 0 0
116 6800000000.0 -7.018433E+001  1.251195E+002 0 0
117 6850000000.0 -7.006532E+001  1.017426E+002 0 0
118 6900000000.0 -7.101146E+001  7.599673E+001 0 0
119 6950000000.0 -7.096114E+001  4.016422E+001 0 0
120 7000000000.0 -7.097755E+001  1.491497E+001 0 0
121 7050000000.0 -7.041943E+001 -7.267285E+000 0 0
122 7100000000.0 -6.856030E+001 -4.684511E+001 0 0
123 7150000000.0 -6.994923E+001 -8.148709E+001 0 0
124 7200000000.0 -7.000249E+001 -1.051534E+002 0 0
125 7250000000.0 -7.006081E+001 -1.322957E+002 0 0
126 7300000000.0 -6.949937E+001 -1.589533E+002 0 0
127 7350000000.0 -6.959301E+001  1.718553E+002 0 0
128 7400000000.0 -7.069680E+001  1.404462E+002 0 0
129 7450000000.0 -7.143466E+001  1.031675E+002 0 0
130 7500000000.0 -7.184969E+001  7.863543E+001 0 0
131 7550000000.0 -7.211232E+001  5.128522E+001 0 0
132 7600000000.0 -7.142663E+001  3.392030E+001 0 0
133 7650000000.0 -7.213725E+001 -5.576265E+000 0 0
134 7700000000.0 -7.358027E+001 -3.804977E+001 0 0
135 7750000000.0 -7.232253E+001 -4.971611E+001 0 0
136 7800000000.0 -7.442529E+001 -8.248653E+001 0 0
137 7850000000.0 -7.250181E+001 -1.131278E+002 0 0
138 7900000000.0 -7.097332E+001 -1.603003E+002 0 0
139 7950000000.0 -7.292216E+001 -1.789421E+002 0 0
140 8000000000.0 -7.343359E+001  1.454170E+002 0 0
141 8050000000.0 -7.143460E+001  1.043108E+002 0 0
142 8100000000.0 -7.401808E+001  7.948012E+001 0 0
143 8150000000.0 -7.220943E+001  4.022027E+001 0 0
144 8200000000.0 -7.186435E+001  2.241997E+001 0 0
145 8250000000.0 -6.905745E+001 -2.547786E+001 0 0
146 8300000000.0 -7.275655E+001 -4.692354E+001 0 0
147 8350000000.0 -7.089041E+001 -7.146336E+001 0 0
148 8400000000.0 -7.251781E+001 -1.168463E+002 0 0
149 8450000000.0 -7.230642E+001 -1.484828E+002 0 0
150 8500000000.0 -7.250770E+001 -1.610173E+002 0 0
151 8550000000.0 -7.095832E+001  1.423859E+002 0 0
152 8600000000.0 -7.313524E+001  1.262969E+002 0 0
153 8650000000.0 -7.297588E+001  1.246165E+002 0 0
154 8700000000.0 -7.504755E+001  6.181237E+001 0 0
155 8750000000.0 -7.520986E+001  5.747374E+001 0 0
156 8800000000.0 -7.499564E+001  1.410374E+001 0 0
157 8850000000.0 -7.484419E+001 -2.009744E+001 0 0
158 8900000000.0 -7.482169E+001 -3.222115E+001 0 0
159 8950000000.0 -7.423755E+001 -8.359843E+001 0 0
160 9000000000.0 -7.456293E+001 -1.260779E+002 0 0
161 9050000000.0 -7.459127E+001 -1.345519E+002 0 0
162 9100000000.0 -7.476833E+001 -1.630718E+002 0 0
163 9150000000.0 -7.385699E+001  1.560368E+002 0 0
164 9200000000.0 -7.532083E+001  1.131641E+002 0 0
165 9250000000.0 -7.558341E+001  9.975513E+001 0 0
166 9300000000.0 -7.382768E+001  7.158489E+001 0 0
167 9350000000.0 -7.774111E+001  3.655285E+001 0 0
168 9400000000.0 -7.567792E+001  3.773529E+001 0 0
169 9450000000.0 -7.539255E+001 -1.983155E+001 0 0
170 9500000000.0 -7.491521E+001 -3.977968E+001 0 0
171 9550000000.0 -7.772627E+001 -8.079420E+001 0 0
172 9600000000.0 -7.686710E+001 -1.004015E+002 0 0
173 9650000000.0 -7.786143E+001 -1.276753E+002 0 0
174 9700000000.0 -7.548714E+001 -1.622841E+002 0 0
175 9750000000.0 -7.644641E+001  1.558587E+002 0 0
176 9800000000.0 -7.455891E+001  1.326594E+002 0 0
177 9850000000.0 -7.560110E+001  9.744600E+001 0 0
178 9900000000.0 -7.762353E+001  6.241668E+001 0 0
179 9950000000.0 -7.417159E+001  3.314439E+001 0 0
180 10000000000.0 -7.527583E+001  2.337931E+001 0 0
181 10050000000.0 -7.640968E+001 -1.543596E+001 0 0
182 10100000000.0 -7.543998E+001 -7.209052E+001 0 0
183 10150000000.0 -7.543298E+001 -9.691091E+001 0 0
184 10200000000.0 -7.295850E+001 -1.190941E+002 0 0
185 10250000000.0 -7.448750E+001 -1.546675E+002 0 0
186 10300000000.0 -7.498399E+001 -1.769326E+002 0 0
187 10350000000.0 -7.507967E+001  1.398266E+002 0 0
188 10400000000.0 -7.728038E+001  1.227444E+002 0 0
189 10450000000.0 -7.710195E+001  1.083374E+002 0 0
190 10500000000.0 -7.706541E+001  7.150584E+001 0 0
191 10550000000.0 -7.661417E+001  2.627586E+001 0 0
192 10600000000.0 -7.824784E+001 -3.932616E+000 0 0
193 10650000000.0 -7.919858E+001 -2.282022E+001 0 0
194 10700000000.0 -7.923279E+001 -5.460095E+001 0 0
195 10750000000.0 -7.582800E+001 -6.869832E+001 0 0
196 10800000000.0 -7.709743E+001 -1.012637E+002 0 0
197 10850000000.0 -7.677386E+001 -1.423749E+002 0 0
198 10900000000.0 -7.668574E+001 -1.742824E+002 0 0
199 10950000000.0 -7.679245E+001 -1.785233E+002 0 0
200 11000000000.0 -7.615726E+001  1.230702E+002 0 0
