0 1000000000.0 -7.830843E+001  1.667287E+002 0 0
1 1050000000.0 -7.175106E+001  1.481121E+002 0 0
2 1100000000.0 -7.011084E+001  1.073710E+002 0 0
3 1150000000.0 -7.086572E+001  6.147869E+001 0 0
4 1200000000.0 -7.104996E+001  3.512550E+001 0 0
5 1250000000.0 -6.966000E+001  9.728028E+000 0 0
6 1300000000.0 -6.935648E+001 -3.411044E+001 0 0
7 1350000000.0 -6.991542E+001 -6.501761E+001 0 0
8 1400000000.0 -6.908737E+001 -1.058233E+002 0 0
9 1450000000.0 -7.189696E+001 -1.445555E+002 0 0
10 1500000000.0 -7.303788E+001  1.786306E+002 0 0
11 1550000000.0 -7.264352E+001  1.627321E+002 0 0
12 1600000000.0 -7.078612E+001  1.239617E+002 0 0
13 1650000000.0 -7.214480E+001  8.327350E+001 0 0
14 1700000000.0 -7.433488E+001  4.404589E+001 0 0
15 1750000000.0 -7.262910E+001  1.996930E+001 0 0
16 1800000000.0 -7.495673E+001 -1.164398E+001 0 0
17 1850000000.0 -7.329668E+001 -3.985489E+001 0 0
18 1900000000.0 -7.187907E+001 -8.107626E+001 0 0
19 1950000000.0 -7.191120E+001 -1.136013E+002 0 0
20 2000000000.0 -7.404317E+001 -1.591341E+002 0 0
21 2050000000.0 -7.296761E+001 -1.731824E+002 0 0
22 2100000000.0 -7.277222E+001  1.572209E+002 0 0
23 2150000000.0 -7.124023E+001  1.423261E+002 0 0
24 2200000000.0 -6.911713E+001  8.147592E+001 0 0
25 2250000000.0 -7.056503E+001  5.069673E+001 0 0
26 2300000000.0 -7.268736E+001  2.242747E+001 0 0
27 2350000000.0 -7.278978E+001 -4.343501E+000 0 0
28 2400000000.0 -7.320748E+001 -4.174949E+001 0 0
29 2450000000.0 -7.236555E+001 -6.091824E+001 0 0
30 2500000000.0 -7.260940E+001 -9.158379E+001 0 0
31 2550000000.0 -7.247141E+001 -1.180763E+002 0 0
32 2600000000.0 -7.392142E+001 -1.515285E+002 0 0
33 2650000000.0 -7.427352E+001 -1.779746E+002 0 0
34 2700000000.0 -7.367998E+001  1.586768E+002 0 0
35 2750000000.0 -7.426383E+001  1.332434E+002 0 0
36 2800000000.0 -7.189867E+001  1.085981E+002 0 0
37 2850000000.0 -6.855740E+001  6.046447E+001 0 0
38 2900000000.0 -7.071954E+001  1.736502E+001 0 0
39 2950000000.0 -7.155806E+001 -3.217402E+001 0 0
40 3000000000.0 -7.366847E+001 -5.407078E+001 0 0
41 3050000000.0 -7.492195E+001 -7.043492E+001 0 0
42 3100000000.0 -7.579734E+001 -1.192376E+002 0 0
43 3150000000.0 -8.017885E+001 -1.223652E+002 0 0
44 3200000000.0 -7.768373E+001 -1.426055E+002 0 0
45 3250000000.0 -7.781712E+001 -1.703977E+002 0 0
46 3300000000.0 -7.690710E+001  1.630679E+002 0 0
47 3350000000.0 -8.013535E+001  1.339352E+002 0 0
48 3400000000.0 -7.767276E+001  1.250851E+002 0 0
49 3450000000.0 -7.441074E+001  9.967016E+001 0 0
50 3500000000.0 -7.300897E+001  6.703908E+001 0 0
51 3550000000.0 -7.204566E+001  1.368557E+001 0 0
52 3600000000.0 -7.127623E+001 -6.955204E+000 0 0
53 3650000000.0 -7.092741E+001 -4.637261E+001 0 0
54 3700000000.0 -7.035331E+001 -8.508311E+001 0 0
55 3750000000.0 -7.150620E+001 -1.293690E+002 0 0
56 3800000000.0 -7.244257E+001 -1.543398E+002 0 0
57 3850000000.0 -7.117258E+001  1.705419E+002 0 0
58 3900000000.0 -7.163000E+001  1.148696E+002 0 0
59 3950000000.0 -7.093804E+001  6.526662E+001 0 0
60 4000000000.0 -7.141013E+001  3.488083E+001 0 0
61 4050000000.0 -7.068833E+001  3.809507E+000 0 0
62 4100000000.0 -6.880856E+001 -3.845486E+001 0 0
63 4150000000.0 -7.076938E+001 -9.310321E+001 0 0
64 4200000000.0 -7.125368E+001 -1.251498E+002 0 0
65 4250000000.0 -7.097594E+001 -1.653490E+002 0 0
66 4300000000.0 -6.943553E+001  1.705275E+002 0 0
67 4350000000.0 -6.842794E+001  1.363770E+002 0 0
68 4400000000.0 -6.820430E+001  9.173631E+001 0 0
69 4450000000.0 -6.797603E+001  5.873289E+001 0 0
70 4500000000.0 -6.790286E+001  2.885163E+001 0 0
71 4550000000.0 -6.809241E+001 -6.642082E+000 0 0
72 4600000000.0 -6.748995E+001 -3.057439E+001 0 0
73 4650000000.0 -6.622183E+001 -6.838863E+001 0 0
74 4700000000.0 -6.587384E+001 -1.037102E+002 0 0
75 4750000000.0 -6.590957E+001 -1.334185E+002 0 0
76 4800000000.0 -6.615527E+001 -1.667032E+002 0 0
77 4850000000.0 -6.542184E+001  1.617068E+002 0 0
78 4900000000.0 -6.601573E+001  1.318946E+002 0 0
79 4950000000.0 -6.651154E+001  9.044945E+001 0 0
80 5000000000.0 -6.695445E+001  7.485941E+001 0 0
81 5050000000.0 -6.508511E+001  3.728605E+001 0 0
82 5100000000.0 -6.771948E+001  2.862884E+000 0 0
83 5150000000.0 -6.692829E+001 -1.272097E+001 0 0
84 5200000000.0 -6.550023E+001 -5.247982E+001 0 0
85 5250000000.0 -6.876529E+001 -9.001757E+001 0 0
86 5300000000.0 -6.747073E+001 -9.214464E+001 0 0
87 5350000000.0 -6.566334E+001 -1.350981E+002 0 0
88 5400000000.0 -6.872728E+001 -1.644291E+002 0 0
89 5450000000.0 -6.524377E+001 -1.784001E+002 0 0
90 5500000000.0 -6.563104E+001  1.250254E+002 0 0
91 5550000000.0 -6.955994E+001  1.117987E+002 0 0
92 5600000000.0 -6.489177E+001  8.915289E+001 0 0
93 5650000000.0 -6.545184E+001  4.623269E+001 0 0
94 5700000000.0 -6.511315E+001  2.153424E+001 0 0
95 5750000000.0 -6.383531E+001 -1.354337E+001 0 0
96 5800000000.0 -6.464095E+001 -3.994571E+001 0 0
97 5850000000.0 -6.408174E+001 -6.999637E+001 0 0
98 5900000000.0 -6.304052E+001 -1.030736E+002 0 0
99 5950000000.0 -6.309089E+001 -1.421765E+002 0 0
100 6000000000.0 -6.404298E+001 -1.786714E+002 0 0
101 6050000000.0 -6.414361E+001  1.555358E+002 0 0
102 6100000000.0 -6.442976E+001  1.270206E+002 0 0
103 6150000000.0 -6.304406E+001  9.678294E+001 0 0
104 6200000000.0 -6.363895E+001  6.494563E+001 0 0
105 6250000000.0 -6.331479E+001  3.217340E+001 0 0
106 6300000000.0 -6.335796E+001  2.157009E+000 0 0
107 6350000000.0 -6.317710E+001 -3.146780E+001 0 0
108 6400000000.0 -6.372493E+001 -6.345824E+001 0 0
109 6450000000.0 -6.405858E+001 -9.399937E+001 0 0
110 6500000000.0 -6.348465E+001 -1.240531E+002 0 0
111 6550000000.0 -6.406300E+001 -1.559907E+002 0 0
112 6600000000.0 -6.439513E+001  1.727889E+002 0 0
113 6650000000.0 -6.462806E+001  1.471195E+002 0 0
114 6700000000.0 -6.389257E+001  1.132793E+002 0 0
115 6750000000.0 -6.392746E+001  8.402158E+001 0 0
116 6800000000.0 -6.344250E+001  5.523984E+001 0 0
117 6850000000.0 -6.401910E+001  2.165137E+001 0 0
118 6900000000.0 -6.358479E+001 -5.002159E+000 0 0
119 6950000000.0 -6.366940E+001 -3.519633E+001 0 0
120 7000000000.0 -6.334261E+001 -6.830721E+001 0 0
121 7050000000.0 -6.359537E+001 -9.713139E+001 0 0
122 7100000000.0 -6.331827E+001 -1.273856E+002 0 0
123 7150000000.0 -6.268346E+001 -1.649833E+002 0 0
124 7200000000.0 -6.322003E+001  1.548592E+002 0 0
125 7250000000.0 -6.405238E+001  1.237833E+002 0 0
126 7300000000.0 -6.440039E+001  9.642215E+001 0 0
127 7350000000.0 -6.435456E+001  6.617120E+001 0 0
128 7400000000.0 -6.458855E+001  3.116646E+001 0 0
129 7450000000.0 -6.557441E+001  3.628033E+000 0 0
130 7500000000.0 -6.605878E+001 -2.617682E+001 0 0
131 7550000000.0 -6.646962E+001 -5.437464E+001 0 0
132 7600000000.0 -6.741181E+001 -8.096546E+001 0 0
133 7650000000.0 -6.686771E+001 -1.075124E+002 0 0
134 7700000000.0 -6.640031E+001 -1.379231E+002 0 0
135 7750000000.0 -6.590886E+001 -1.706860E+002 0 0
136 7800000000.0 -6.591790E+001  1.639397E+002 0 0
137 7850000000.0 -6.564832E+001  1.312063E+002 0 0
138 7900000000.0 -6.574773E+001  9.816811E+001 0 0
139 7950000000.0 -6.566434E+001  6.597228E+001 0 0
140 8000000000.0 -6.705448E+001  3.877014E+001 0 0
141 8050000000.0 -6.716577E+001  1.951615E+001 0 0
142 8100000000.0 -6.629353E+001 -1.263703E+001 0 0
143 8150000000.0 -6.547665E+001 -4.281613E+001 0 0
144 8200000000.0 -6.676122E+001 -7.351656E+001 0 0
145 8250000000.0 -6.505045E+001 -9.998598E+001 0 0
146 8300000000.0 -6.434947E+001 -1.408072E+002 0 0
147 8350000000.0 -6.481904E+001 -1.692412E+002 0 0
148 8400000000.0 -6.389629E+001  1.571001E+002 0 0
149 8450000000.0 -6.403206E+001  1.196525E+002 0 0
150 8500000000.0 -6.498683E+001  8.516649E+001 0 0
151 8550000000.0 -6.451397E+001  5.184171E+001 0 0
152 8600000000.0 -6.614799E+001  8.912425E+000 0 0
153 8650000000.0 -6.658028E+001 -2.400710E+001 0 0
154 8700000000.0 -6.596384E+001 -5.758014E+001 0 0
155 8750000000.0 -6.844170E+001 -9.372195E+001 0 0
156 8800000000.0 -6.699387E+001 -1.010615E+002 0 0
157 8850000000.0 -6.746679E+001 -1.281062E+002 0 0
158 8900000000.0 -6.772804E+001 -1.649927E+002 0 0
159 8950000000.0 -6.633683E+001  1.696537E+002 0 0
160 9000000000.0 -6.611040E+001  1.323167E+002 0 0
161 9050000000.0 -6.583528E+001  9.665549E+001 0 0
162 9100000000.0 -6.763046E+001  6.863665E+001 0 0
163 9150000000.0 -6.629098E+001  4.866352E+001 0 0
164 9200000000.0 -6.549615E+001  7.664576E+000 0 0
165 9250000000.0 -6.810676E+001 -2.625704E+001 0 0
166 9300000000.0 -6.768327E+001 -5.120784E+001 0 0
167 9350000000.0 -6.723846E+001 -7.865498E+001 0 0
168 9400000000.0 -6.724853E+001 -1.025632E+002 0 0
169 9450000000.0 -6.659367E+001 -1.405061E+002 0 0
170 9500000000.0 -6.747601E+001 -1.646027E+002 0 0
171 9550000000.0 -6.808820E+001  1.626700E+002 0 0
172 9600000000.0 -6.683310E+001  1.348735E+002 0 0
173 9650000000.0 -6.881356E+001  1.009463E+002 0 0
174 9700000000.0 -6.875243E+001  6.329535E+001 0 0
175 9750000000.0 -7.134473E+001  4.114703E+001 0 0
176 9800000000.0 -6.912656E+001  6.794800E+000 0 0
177 9850000000.0 -7.191861E+001 -4.274690E+001 0 0
178 9900000000.0 -7.152909E+001 -5.946016E+001 0 0
179 9950000000.0 -7.237527E+001 -7.941940E+001 0 0
180 10000000000.0 -7.347297E+001 -1.265750E+002 0 0
181 10050000000.0 -7.205510E+001 -1.513668E+002 0 0
182 10100000000.0 -7.413867E+001 -1.695210E+002 0 0
183 10150000000.0 -7.338931E+001  1.517328E+002 0 0
184 10200000000.0 -7.270237E+001  1.260602E+002 0 0
185 10250000000.0 -7.388210E+001  1.134497E+002 0 0
186 10300000000.0 -7.295921E+001  8.982710E+001 0 0
187 10350000000.0 -7.270210E+001  4.734414E+001 0 0
188 10400000000.0 -7.337768E+001  2.630205E+001 0 0
189 10450000000.0 -7.180381E+001 -1.268740E+000 0 0
190 10500000000.0 -7.204391E+001 -3.567023E+001 0 0
191 10550000000.0 -7.500563E+001 -7.363705E+001 0 0
192 10600000000.0 -7.604218E+001 -9.023045E+001 0 0
193 10650000000.0 -7.460221E+001 -1.291837E+002 0 0
194 10700000000.0 -8.159254E+001 -1.723071E+002 0 0
195 10750000000.0 -9.697740E+001 -7.437488E+001 0 0
196 10800000000.0 -8.624416E+001  1.351118E+002 0 0
197 10850000000.0 -8.861400E+001  1.745133E+002 0 0
198 10900000000.0 -8.515454E+001 -9.553358E+001 0 0
199 10950000000.0 -8.436074E+001 -9.293916E+001 0 0
200 11000000000.0 -8.009480E+001 -1.324929E+002 0 0
