0 1000000000.0 -8.001071E+001  5.682679E+001 0 0
1 1050000000.0 -7.847892E+001  8.177987E+000 0 0
2 1100000000.0 -7.357898E+001 -2.929842E+001 0 0
3 1150000000.0 -7.504169E+001 -5.436891E+001 0 0
4 1200000000.0 -7.194258E+001 -6.939465E+001 0 0
5 1250000000.0 -7.190025E+001 -1.024533E+002 0 0
6 1300000000.0 -7.057403E+001 -1.438303E+002 0 0
7 1350000000.0 -7.289120E+001 -1.677125E+002 0 0
8 1400000000.0 -7.074589E+001  1.683979E+002 0 0
9 1450000000.0 -7.131998E+001  1.343790E+002 0 0
10 1500000000.0 -7.164222E+001  9.184940E+001 0 0
11 1550000000.0 -7.366821E+001  6.860602E+001 0 0
12 1600000000.0 -7.747655E+001  4.117873E+001 0 0
13 1650000000.0 -7.472372E+001  2.348972E+001 0 0
14 1700000000.0 -7.610812E+001  9.380963E-001 0 0
15 1750000000.0 -7.455622E+001 -2.493071E+001 0 0
16 1800000000.0 -7.618476E+001 -9.755618E+001 0 0
17 1850000000.0 -7.904387E+001  1.743437E+002 0 0
18 1900000000.0 -8.593555E+001  1.072056E+002 0 0
19 1950000000.0 -7.311844E+001  8.187675E+001 0 0
20 2000000000.0 -6.888683E+001  2.134221E+001 0 0
21 2050000000.0 -6.950926E+001 -3.647976E+001 0 0
22 2100000000.0 -6.895815E+001 -6.782076E+001 0 0
23 2150000000.0 -6.874352E+001 -1.097710E+002 0 0
24 2200000000.0 -6.865825E+001 -1.636344E+002 0 0
25 2250000000.0 -7.146012E+001  1.653748E+002 0 0
26 2300000000.0 -7.326167E+001  1.273572E+002 0 0
27 2350000000.0 -7.671025E+001  1.012301E+002 0 0
28 2400000000.0 -7.842666E+001  9.416412E+001 0 0
29 2450000000.0 -7.671758E+001  5.886775E+001 0 0
30 2500000000.0 -7.843282E+001 -1.477690E+000 0 0
31 2550000000.0 -8.155591E+001 -6.115086E+001 0 0
32 2600000000.0 -8.733472E+001 -6.368880E+001 0 0
33 2650000000.0 -8.772879E+001 -3.668862E+001 0 0
34 2700000000.0 -8.290289E+001 -6.742348E+001 0 0
35 2750000000.0 -7.798016E+001 -8.776084E+001 0 0
36 2800000000.0 -7.619893E+001 -1.516259E+002 0 0
37 2850000000.0 -7.833052E+001  1.728782E+002 0 0
38 2900000000.0 -7.507739E+001  1.298563E+002 0 0
39 2950000000.0 -7.709059E+001  8.180600E+001 0 0
40 3000000000.0 -7.791301E+001  5.248039E+001 0 0
41 3050000000.0 -8.173812E+001  3.948536E+001 0 0
42 3100000000.0 -7.987810E+001 -4.892490E+000 0 0
43 3150000000.0 -8.407449E+001 -5.337637E+001 0 0
44 3200000000.0 -8.481172E+001 -3.425427E+001 0 0
45 3250000000.0 -8.338342E+001 -1.362568E+002 0 0
46 3300000000.0 -8.685022E+001  1.295385E+002 0 0
47 3350000000.0 -8.432219E+001  7.753606E+001 0 0
48 3400000000.0 -8.177550E+001  3.449425E+001 0 0
49 3450000000.0 -8.037712E+001 -1.002892E+001 0 0
50 3500000000.0 -8.875171E+001 -5.923452E+001 0 0
51 3550000000.0 -8.277760E+001  4.719744E+000 0 0
52 3600000000.0 -8.120793E+001 -1.740553E+001 0 0
53 3650000000.0 -7.997816E+001 -5.678389E+001 0 0
54 3700000000.0 -8.245246E+001 -6.336627E+001 0 0
55 3750000000.0 -8.079996E+001 -8.146591E+001 0 0
56 3800000000.0 -7.964495E+001 -9.473714E+001 0 0
57 3850000000.0 -8.208591E+001 -8.978951E+001 0 0
58 3900000000.0 -8.132143E+001 -1.025173E+002 0 0
59 3950000000.0 -7.908627E+001 -1.048166E+002 0 0
60 4000000000.0 -7.461841E+001 -1.206867E+002 0 0
61 4050000000.0 -7.004755E+001 -1.633707E+002 0 0
62 4100000000.0 -6.956537E+001  1.681446E+002 0 0
63 4150000000.0 -6.826751E+001  1.373211E+002 0 0
64 4200000000.0 -6.700004E+001  1.142975E+002 0 0
65 4250000000.0 -6.562220E+001  7.864388E+001 0 0
66 4300000000.0 -6.559463E+001  4.746592E+001 0 0
67 4350000000.0 -6.576133E+001  1.350939E+001 0 0
68 4400000000.0 -6.567690E+001 -1.551921E+001 0 0
69 4450000000.0 -6.550668E+001 -4.753689E+001 0 0
70 4500000000.0 -6.582973E+001 -7.825906E+001 0 0
71 4550000000.0 -6.536215E+001 -1.083491E+002 0 0
72 4600000000.0 -6.513884E+001 -1.380976E+002 0 0
73 4650000000.0 -6.507602E+001 -1.701365E+002 0 0
74 4700000000.0 -6.464566E+001  1.625740E+002 0 0
75 4750000000.0 -6.471172E+001  1.343499E+002 0 0
76 4800000000.0 -6.411437E+001  1.036725E+002 0 0
77 4850000000.0 -6.407382E+001  7.243430E+001 0 0
78 4900000000.0 -6.456228E+001  4.577714E+001 0 0
79 4950000000.0 -6.404312E+001  6.926442E+000 0 0
80 5000000000.0 -6.658632E+001 -2.326764E+001 0 0
81 5050000000.0 -6.547916E+001 -4.132640E+001 0 0
82 5100000000.0 -6.637277E+001 -8.499204E+001 0 0
83 5150000000.0 -7.065410E+001 -9.439909E+001 0 0
84 5200000000.0 -6.783447E+001 -1.089435E+002 0 0
85 5250000000.0 -6.853010E+001 -1.534221E+002 0 0
86 5300000000.0 -7.200005E+001 -1.550579E+002 0 0
87 5350000000.0 -6.818226E+001 -1.776037E+002 0 0
88 5400000000.0 -7.170122E+001  1.332704E+002 0 0
89 5450000000.0 -7.012021E+001  1.533112E+002 0 0
90 5500000000.0 -6.737922E+001  9.245994E+001 0 0
91 5550000000.0 -7.109428E+001  6.294915E+001 0 0
92 5600000000.0 -6.867416E+001  4.287277E+001 0 0
93 5650000000.0 -6.937786E+001 -5.691262E-001 0 0
94 5700000000.0 -7.149577E+001 -1.720060E+001 0 0
95 5750000000.0 -6.958614E+001 -5.511784E+001 0 0
96 5800000000.0 -7.225567E+001 -8.754285E+001 0 0
97 5850000000.0 -7.337144E+001 -1.110317E+002 0 0
98 5900000000.0 -7.284707E+001 -1.320121E+002 0 0
99 5950000000.0 -7.513010E+001 -1.792178E+002 0 0
100 6000000000.0 -7.689152E+001  1.756602E+002 0 0
101 6050000000.0 -7.605079E+001  1.512184E+002 0 0
102 6100000000.0 -7.399552E+001  1.265394E+002 0 0
103 6150000000.0 -7.315020E+001  8.918290E+001 0 0
104 6200000000.0 -7.544455E+001  5.542616E+001 0 0
105 6250000000.0 -7.357798E+001  3.363564E+001 0 0
106 6300000000.0 -7.107311E+001  1.345450E+001 0 0
107 6350000000.0 -7.186898E+001 -2.552415E+001 0 0
108 6400000000.0 -7.153091E+001 -5.837179E+001 0 0
109 6450000000.0 -7.122245E+001 -9.667126E+001 0 0
110 6500000000.0 -7.165079E+001 -1.150234E+002 0 0
111 6550000000.0 -6.988122E+001 -1.542607E+002 0 0
112 6600000000.0 -6.994127E+001 -1.759772E+002 0 0
113 6650000000.0 -6.969324E+001  1.417260E+002 0 0
114 6700000000.0 -7.002066E+001  1.122467E+002 0 0
115 6750000000.0 -6.987837E+001  8.449811E+001 0 0
116 6800000000.0 -6.859329E+001  4.139211E+001 0 0
117 6850000000.0 -6.904203E+001  1.497835E+000 0 0
118 6900000000.0 -6.871748E+001 -4.032809E+001 0 0
119 6950000000.0 -6.880882E+001 -7.401811E+001 0 0
120 7000000000.0 -6.929574E+001 -1.165166E+002 0 0
121 7050000000.0 -7.051460E+001 -1.551419E+002 0 0
122 7100000000.0 -7.026714E+001  1.777083E+002 0 0
123 7150000000.0 -6.963548E+001  1.406515E+002 0 0
124 7200000000.0 -6.989971E+001  1.038522E+002 0 0
125 7250000000.0 -7.044090E+001  7.053387E+001 0 0
126 7300000000.0 -7.256659E+001  4.114349E+001 0 0
127 7350000000.0 -7.281088E+001  1.273628E+001 0 0
128 7400000000.0 -7.292355E+001 -1.411250E+001 0 0
129 7450000000.0 -7.204446E+001 -3.843621E+001 0 0
130 7500000000.0 -7.240351E+001 -7.883870E+001 0 0
131 7550000000.0 -7.260117E+001 -1.062439E+002 0 0
132 7600000000.0 -7.225200E+001 -1.432966E+002 0 0
133 7650000000.0 -7.412261E+001 -1.728257E+002 0 0
134 7700000000.0 -7.204926E+001  1.449782E+002 0 0
135 7750000000.0 -7.158540E+001  1.005366E+002 0 0
136 7800000000.0 -7.366663E+001  6.410225E+001 0 0
137 7850000000.0 -7.410183E+001  2.914573E+001 0 0
138 7900000000.0 -7.565883E+001  1.358940E+001 0 0
139 7950000000.0 -7.355520E+001 -8.978103E+000 0 0
140 8000000000.0 -7.347176E+001 -4.821077E+001 0 0
141 8050000000.0 -7.196745E+001 -7.827167E+001 0 0
142 8100000000.0 -7.390012E+001 -1.024152E+002 0 0
143 8150000000.0 -7.697762E+001 -1.122530E+002 0 0
144 8200000000.0 -7.417265E+001 -1.377342E+002 0 0
145 8250000000.0 -7.067342E+001 -1.622623E+002 0 0
146 8300000000.0 -7.004108E+001  1.632194E+002 0 0
147 8350000000.0 -7.290604E+001  1.309432E+002 0 0
148 8400000000.0 -7.088433E+001  1.163487E+002 0 0
149 8450000000.0 -7.104786E+001  7.549055E+001 0 0
150 8500000000.0 -7.127681E+001  4.794189E+001 0 0
151 8550000000.0 -7.098268E+001  3.829388E+001 0 0
152 8600000000.0 -7.435541E+001 -2.447019E+001 0 0
153 8650000000.0 -8.125020E+001 -5.584866E+001 0 0
154 8700000000.0 -7.150685E+001 -4.709660E+001 0 0
155 8750000000.0 -7.123390E+001 -9.735367E+001 0 0
156 8800000000.0 -7.151527E+001 -1.001033E+002 0 0
157 8850000000.0 -6.955430E+001 -1.308741E+002 0 0
158 8900000000.0 -6.911414E+001 -1.636582E+002 0 0
159 8950000000.0 -6.814790E+001  1.652548E+002 0 0
160 9000000000.0 -6.667077E+001  1.366541E+002 0 0
161 9050000000.0 -6.753772E+001  1.032460E+002 0 0
162 9100000000.0 -6.826812E+001  8.179688E+001 0 0
163 9150000000.0 -6.718195E+001  4.861672E+001 0 0
164 9200000000.0 -6.778732E+001  1.702230E+001 0 0
165 9250000000.0 -6.890832E+001 -2.201964E+001 0 0
166 9300000000.0 -6.830772E+001 -3.233587E+001 0 0
167 9350000000.0 -6.807958E+001 -6.654655E+001 0 0
168 9400000000.0 -6.867184E+001 -9.172910E+001 0 0
169 9450000000.0 -6.878009E+001 -1.166074E+002 0 0
170 9500000000.0 -6.868398E+001 -1.455428E+002 0 0
171 9550000000.0 -6.910595E+001  1.785379E+002 0 0
172 9600000000.0 -6.885810E+001  1.472659E+002 0 0
173 9650000000.0 -6.835960E+001  1.147875E+002 0 0
174 9700000000.0 -6.810494E+001  8.838940E+001 0 0
175 9750000000.0 -6.888234E+001  6.253647E+001 0 0
176 9800000000.0 -6.862193E+001  2.847757E+001 0 0
177 9850000000.0 -7.052235E+001 -1.880722E-001 0 0
178 9900000000.0 -7.007889E+001 -2.559393E+001 0 0
179 9950000000.0 -7.056639E+001 -5.751545E+001 0 0
180 10000000000.0 -6.928822E+001 -8.789400E+001 0 0
181 10050000000.0 -6.996775E+001 -1.155880E+002 0 0
182 10100000000.0 -7.104559E+001 -1.365770E+002 0 0
183 10150000000.0 -7.228983E+001 -1.686081E+002 0 0
184 10200000000.0 -7.142267E+001  1.599749E+002 0 0
185 10250000000.0 -7.286214E+001  1.347916E+002 0 0
186 10300000000.0 -7.440520E+001  9.509631E+001 0 0
187 10350000000.0 -7.290055E+001  6.261346E+001 0 0
188 10400000000.0 -7.523029E+001  3.989233E+001 0 0
189 10450000000.0 -7.608067E+001  1.539608E+001 0 0
190 10500000000.0 -7.744742E+001 -8.929938E+000 0 0
191 10550000000.0 -7.556062E+001 -2.817049E+001 0 0
192 10600000000.0 -7.720792E+001 -7.144682E+001 0 0
193 10650000000.0 -7.320796E+001 -8.618832E+001 0 0
194 10700000000.0 -7.432642E+001 -1.178219E+002 0 0
195 10750000000.0 -7.606263E+001 -1.309020E+002 0 0
196 10800000000.0 -7.346379E+001 -1.735679E+002 0 0
197 10850000000.0 -7.429692E+001  1.690511E+002 0 0
198 10900000000.0 -7.329336E+001  1.422853E+002 0 0
199 10950000000.0 -7.364320E+001  9.879876E+001 0 0
200 11000000000.0 -7.254472E+001  6.881933E+001 0 0
