0 1000000000.0 -7.602128E+001 -1.136889E+002 0 0
1 1050000000.0 -7.631765E+001 -1.504958E+002 0 0
2 1100000000.0 -7.662730E+001  1.795067E+002 0 0
3 1150000000.0 -7.604213E+001  1.701478E+002 0 0
4 1200000000.0 -7.356551E+001  1.446897E+002 0 0
5 1250000000.0 -7.313219E+001  1.151815E+002 0 0
6 1300000000.0 -7.136784E+001  8.533945E+001 0 0
7 1350000000.0 -7.175114E+001  5.322710E+001 0 0
8 1400000000.0 -7.189781E+001  2.894124E+001 0 0
9 1450000000.0 -7.084882E+001  2.641622E+000 0 0
10 1500000000.0 -7.075481E+001 -3.555968E+001 0 0
11 1550000000.0 -7.237277E+001 -7.094764E+001 0 0
12 1600000000.0 -7.421924E+001 -8.663622E+001 0 0
13 1650000000.0 -7.560487E+001 -1.051593E+002 0 0
14 1700000000.0 -7.598412E+001 -1.403400E+002 0 0
15 1750000000.0 -7.809081E+001 -1.736683E+002 0 0
16 1800000000.0 -8.213695E+001  1.638330E+002 0 0
17 1850000000.0 -9.086363E+001 -1.340584E+002 0 0
18 1900000000.0 -8.105934E+001 -1.566476E+002 0 0
19 1950000000.0 -7.948457E+001  1.757595E+002 0 0
20 2000000000.0 -7.731671E+001  1.630714E+002 0 0
21 2050000000.0 -7.422224E+001  1.423858E+002 0 0
22 2100000000.0 -7.120197E+001  9.843531E+001 0 0
23 2150000000.0 -7.119581E+001  4.846950E+001 0 0
24 2200000000.0 -7.345955E+001  1.274936E+001 0 0
25 2250000000.0 -7.158552E+001 -1.613047E+001 0 0
26 2300000000.0 -7.189871E+001 -6.268114E+001 0 0
27 2350000000.0 -7.212083E+001 -9.772773E+001 0 0
28 2400000000.0 -7.537083E+001 -1.370707E+002 0 0
29 2450000000.0 -7.574731E+001 -1.598113E+002 0 0
30 2500000000.0 -7.804969E+001  1.782730E+002 0 0
31 2550000000.0 -7.743005E+001  1.649380E+002 0 0
32 2600000000.0 -7.709533E+001  1.209633E+002 0 0
33 2650000000.0 -7.670860E+001  9.659772E+001 0 0
34 2700000000.0 -7.623099E+001  8.031345E+001 0 0
35 2750000000.0 -7.700525E+001  5.154253E+001 0 0
36 2800000000.0 -7.527761E+001  2.480870E+001 0 0
37 2850000000.0 -7.374100E+001 -1.174392E+001 0 0
38 2900000000.0 -7.357991E+001 -5.256108E+001 0 0
39 2950000000.0 -7.412383E+001 -9.545248E+001 0 0
40 3000000000.0 -7.553725E+001 -1.380595E+002 0 0
41 3050000000.0 -7.955306E+001 -1.663615E+002 0 0
42 3100000000.0 -7.918088E+001  1.456168E+002 0 0
43 3150000000.0 -7.845403E+001  1.114306E+002 0 0
44 3200000000.0 -8.011942E+001  6.622722E+001 0 0
45 3250000000.0 -8.288812E+001  1.934322E+001 0 0
46 3300000000.0 -8.371769E+001 -6.726646E+000 0 0
47 3350000000.0 -8.600328E+001 -1.372669E+001 0 0
48 3400000000.0 -8.333615E+001 -4.400523E+001 0 0
49 3450000000.0 -8.403878E+001 -2.236489E+001 0 0
50 3500000000.0 -8.272971E+001 -7.001410E+001 0 0
51 3550000000.0 -8.034461E+001 -8.998663E+001 0 0
52 3600000000.0 -8.300850E+001 -1.561566E+002 0 0
53 3650000000.0 -8.432483E+001 -1.581515E+002 0 0
54 3700000000.0 -8.260715E+001 -1.584222E+002 0 0
55 3750000000.0 -8.093014E+001 -1.623368E+002 0 0
56 3800000000.0 -8.300492E+001  1.513514E+002 0 0
57 3850000000.0 -7.910033E+001  1.483361E+002 0 0
58 3900000000.0 -7.592370E+001  1.175458E+002 0 0
59 3950000000.0 -7.441299E+001  7.610364E+001 0 0
60 4000000000.0 -7.303345E+001  4.314132E+001 0 0
61 4050000000.0 -7.259515E+001  1.769343E+001 0 0
62 4100000000.0 -7.121772E+001 -1.742504E+001 0 0
63 4150000000.0 -7.060391E+001 -5.407190E+001 0 0
64 4200000000.0 -7.053940E+001 -8.739614E+001 0 0
65 4250000000.0 -7.002454E+001 -1.155459E+002 0 0
66 4300000000.0 -7.005847E+001 -1.405242E+002 0 0
67 4350000000.0 -6.855888E+001 -1.708249E+002 0 0
68 4400000000.0 -6.804897E+001  1.609541E+002 0 0
69 4450000000.0 -6.724046E+001  1.305434E+002 0 0
70 4500000000.0 -6.682706E+001  9.852405E+001 0 0
71 4550000000.0 -6.709457E+001  7.106143E+001 0 0
72 4600000000.0 -6.717572E+001  3.361436E+001 0 0
73 4650000000.0 -6.734183E+001  9.379519E+000 0 0
74 4700000000.0 -6.773456E+001 -2.220261E+001 0 0
75 4750000000.0 -6.732862E+001 -4.815903E+001 0 0
76 4800000000.0 -6.757253E+001 -7.820963E+001 0 0
77 4850000000.0 -6.766859E+001 -1.030839E+002 0 0
78 4900000000.0 -6.722563E+001 -1.404988E+002 0 0
79 4950000000.0 -6.840435E+001 -1.621162E+002 0 0
80 5000000000.0 -6.669606E+001  1.660231E+002 0 0
81 5050000000.0 -6.854230E+001  1.191773E+002 0 0
82 5100000000.0 -6.949914E+001  1.144994E+002 0 0
83 5150000000.0 -6.797948E+001  7.135973E+001 0 0
84 5200000000.0 -7.060666E+001  2.044872E+001 0 0
85 5250000000.0 -7.273652E+001  3.554804E+001 0 0
86 5300000000.0 -6.850333E+001 -1.024357E+001 0 0
87 5350000000.0 -7.284129E+001 -6.131066E+001 0 0
88 5400000000.0 -7.226429E+001 -3.650601E+001 0 0
89 5450000000.0 -6.954446E+001 -9.977374E+001 0 0
90 5500000000.0 -8.034896E+001 -1.158470E+002 0 0
91 5550000000.0 -7.254951E+001 -1.280216E+002 0 0
92 5600000000.0 -7.297091E+001  1.763486E+002 0 0
93 5650000000.0 -7.602482E+001  1.706479E+002 0 0
94 5700000000.0 -7.200519E+001  1.319887E+002 0 0
95 5750000000.0 -7.377319E+001  9.437048E+001 0 0
96 5800000000.0 -7.182589E+001  6.887381E+001 0 0
97 5850000000.0 -7.115598E+001  3.222181E+001 0 0
98 5900000000.0 -7.204007E+001 -6.970939E+000 0 0
99 5950000000.0 -7.423806E+001 -3.029495E+001 0 0
100 6000000000.0 -7.398158E+001 -4.800335E+001 0 0
101 6050000000.0 -7.309946E+001 -8.223304E+001 0 0
102 6100000000.0 -7.474103E+001 -1.132288E+002 0 0
103 6150000000.0 -7.447980E+001 -1.435504E+002 0 0
104 6200000000.0 -7.373468E+001 -1.661663E+002 0 0
105 6250000000.0 -7.402589E+001  1.622541E+002 0 0
106 6300000000.0 -7.377363E+001  1.289611E+002 0 0
107 6350000000.0 -7.303731E+001  1.013891E+002 0 0
108 6400000000.0 -7.278339E+001  6.367538E+001 0 0
109 6450000000.0 -7.193625E+001  3.146599E+001 0 0
110 6500000000.0 -7.017896E+001 -5.682389E+000 0 0
111 6550000000.0 -6.914705E+001 -3.273643E+001 0 0
112 6600000000.0 -6.931504E+001 -7.245714E+001 0 0
113 6650000000.0 -6.878072E+001 -1.045230E+002 0 0
114 6700000000.0 -6.827975E+001 -1.291669E+002 0 0
115 6750000000.0 -6.799056E+001 -1.630211E+002 0 0
116 6800000000.0 -6.822591E+001  1.697846E+002 0 0
117 6850000000.0 -6.770489E+001  1.391090E+002 0 0
118 6900000000.0 -6.765858E+001  1.122924E+002 0 0
119 6950000000.0 -6.695386E+001  8.085741E+001 0 0
120 7000000000.0 -6.829611E+001  5.332412E+001 0 0
121 7050000000.0 -6.766633E+001  2.952135E+001 0 0
122 7100000000.0 -6.783368E+001 -6.670975E+000 0 0
123 7150000000.0 -6.751061E+001 -3.355457E+001 0 0
124 7200000000.0 -6.762504E+001 -6.543098E+001 0 0
125 7250000000.0 -6.694289E+001 -9.758561E+001 0 0
126 7300000000.0 -6.779910E+001 -1.299863E+002 0 0
127 7350000000.0 -6.802072E+001 -1.638447E+002 0 0
128 7400000000.0 -6.841896E+001  1.660076E+002 0 0
129 7450000000.0 -6.838009E+001  1.368236E+002 0 0
130 7500000000.0 -6.876736E+001  1.041723E+002 0 0
131 7550000000.0 -6.976199E+001  7.877496E+001 0 0
132 7600000000.0 -6.915408E+001  5.581852E+001 0 0
133 7650000000.0 -6.817807E+001  1.955630E+001 0 0
134 7700000000.0 -6.972680E+001 -6.484727E+000 0 0
135 7750000000.0 -6.885500E+001 -3.828627E+001 0 0
136 7800000000.0 -6.776797E+001 -6.784735E+001 0 0
137 7850000000.0 -6.685140E+001 -1.102095E+002 0 0
138 7900000000.0 -6.726353E+001 -1.522282E+002 0 0
139 7950000000.0 -6.954481E+001  1.717952E+002 0 0
140 8000000000.0 -6.788660E+001  1.531019E+002 0 0
141 8050000000.0 -6.915433E+001  1.151225E+002 0 0
142 8100000000.0 -6.693892E+001  9.372339E+001 0 0
143 8150000000.0 -6.965666E+001  7.067675E+001 0 0
144 8200000000.0 -6.727526E+001  3.619062E+001 0 0
145 8250000000.0 -6.620482E+001  1.007179E+001 0 0
146 8300000000.0 -6.686977E+001 -1.153241E+001 0 0
147 8350000000.0 -6.637740E+001 -3.544650E+001 0 0
148 8400000000.0 -6.836229E+001 -7.004266E+001 0 0
149 8450000000.0 -6.994642E+001 -9.345867E+001 0 0
150 8500000000.0 -6.860670E+001 -1.139232E+002 0 0
151 8550000000.0 -6.954504E+001 -1.434822E+002 0 0
152 8600000000.0 -6.994777E+001 -1.520061E+002 0 0
153 8650000000.0 -6.867395E+001  1.792587E+002 0 0
154 8700000000.0 -7.110931E+001  1.619683E+002 0 0
155 8750000000.0 -6.901583E+001  1.397245E+002 0 0
156 8800000000.0 -7.038789E+001  1.157860E+002 0 0
157 8850000000.0 -7.251515E+001  6.882923E+001 0 0
158 8900000000.0 -6.994809E+001  4.615048E+001 0 0
159 8950000000.0 -7.134922E+001  9.448601E+000 0 0
160 9000000000.0 -7.181129E+001 -3.567971E+001 0 0
161 9050000000.0 -7.235880E+001 -5.902783E+001 0 0
162 9100000000.0 -6.933498E+001 -9.874537E+001 0 0
163 9150000000.0 -6.893855E+001 -1.460016E+002 0 0
164 9200000000.0 -7.031557E+001 -1.671520E+002 0 0
165 9250000000.0 -6.993594E+001  1.634219E+002 0 0
166 9300000000.0 -6.894630E+001  1.314547E+002 0 0
167 9350000000.0 -7.000154E+001  1.222676E+002 0 0
168 9400000000.0 -6.834406E+001  8.646870E+001 0 0
169 9450000000.0 -6.946092E+001  6.901601E+001 0 0
170 9500000000.0 -6.867715E+001  3.967059E+001 0 0
171 9550000000.0 -6.920435E+001  1.374537E+001 0 0
172 9600000000.0 -7.007243E+001 -1.628349E+001 0 0
173 9650000000.0 -6.928972E+001 -4.536562E+001 0 0
174 9700000000.0 -7.078535E+001 -8.279514E+001 0 0
175 9750000000.0 -7.013769E+001 -1.208113E+002 0 0
176 9800000000.0 -7.302095E+001 -1.547525E+002 0 0
177 9850000000.0 -7.317966E+001 -1.767066E+002 0 0
178 9900000000.0 -7.082572E+001  1.316040E+002 0 0
179 9950000000.0 -7.283883E+001  8.900029E+001 0 0
180 10000000000.0 -7.410888E+001  6.466075E+001 0 0
181 10050000000.0 -7.566057E+001  1.533054E+001 0 0
182 10100000000.0 -7.481487E+001 -6.199755E+000 0 0
183 10150000000.0 -7.785237E+001 -3.936110E+001 0 0
184 10200000000.0 -7.753130E+001 -9.196209E+001 0 0
185 10250000000.0 -7.612881E+001 -1.153787E+002 0 0
186 10300000000.0 -7.998816E+001 -1.607273E+002 0 0
187 10350000000.0 -7.805978E+001 -1.344500E+002 0 0
188 10400000000.0 -7.777662E+001  1.722908E+002 0 0
189 10450000000.0 -7.742014E+001  1.230190E+002 0 0
190 10500000000.0 -7.915792E+001  7.526793E+001 0 0
191 10550000000.0 -7.885010E+001  5.721337E+001 0 0
192 10600000000.0 -7.708775E+001  3.355343E+001 0 0
193 10650000000.0 -7.766618E+001 -1.705217E+001 0 0
194 10700000000.0 -7.931358E+001 -3.102774E+001 0 0
195 10750000000.0 -7.895995E+001 -6.190223E+001 0 0
196 10800000000.0 -8.063963E+001 -9.075951E+001 0 0
197 10850000000.0 -7.886047E+001 -9.545823E+001 0 0
198 10900000000.0 -7.681575E+001 -1.328073E+002 0 0
199 10950000000.0 -7.843049E+001 -1.735083E+002 0 0
200 11000000000.0 -7.756680E+001  1.741009E+002 0 0
