0 1000000000.0 -7.565338E+001  1.777143E+002 0 0
1 1050000000.0 -7.543046E+001  1.421716E+002 0 0
2 1100000000.0 -7.813834E+001  1.036789E+002 0 0
3 1150000000.0 -7.585818E+001  8.562975E+001 0 0
4 1200000000.0 -7.495201E+001  3.897193E+001 0 0
5 1250000000.0 -7.326127E+001  1.536353E+000 0 0
6 1300000000.0 -7.180115E+001 -4.524828E+001 0 0
7 1350000000.0 -7.276914E+001 -9.018752E+001 0 0
8 1400000000.0 -7.366766E+001 -1.335412E+002 0 0
9 1450000000.0 -7.507980E+001 -1.713492E+002 0 0
10 1500000000.0 -7.727120E+001  1.616871E+002 0 0
11 1550000000.0 -7.589949E+001  1.150519E+002 0 0
12 1600000000.0 -7.577310E+001  8.340556E+001 0 0
13 1650000000.0 -7.581790E+001  5.547228E+001 0 0
14 1700000000.0 -7.348357E+001  2.324776E+001 0 0
15 1750000000.0 -7.367163E+001 -1.690477E+001 0 0
16 1800000000.0 -7.332220E+001 -5.023444E+001 0 0
17 1850000000.0 -7.212840E+001 -8.303688E+001 0 0
18 1900000000.0 -7.145928E+001 -1.116804E+002 0 0
19 1950000000.0 -6.986388E+001 -1.504567E+002 0 0
20 2000000000.0 -6.876494E+001  1.656795E+002 0 0
21 2050000000.0 -6.871828E+001  1.223059E+002 0 0
22 2100000000.0 -7.083459E+001  7.687691E+001 0 0
23 2150000000.0 -7.182485E+001  5.198842E+001 0 0
24 2200000000.0 -7.334372E+001  5.331361E+000 0 0
25 2250000000.0 -7.497054E+001 -2.174132E+001 0 0
26 2300000000.0 -7.906146E+001 -6.252616E+001 0 0
27 2350000000.0 -7.994864E+001 -5.363918E+001 0 0
28 2400000000.0 -8.243355E+001 -7.944398E+001 0 0
29 2450000000.0 -8.166004E+001 -7.624714E+001 0 0
30 2500000000.0 -7.922337E+001 -9.810863E+001 0 0
31 2550000000.0 -7.919420E+001 -1.227808E+002 0 0
32 2600000000.0 -7.575708E+001 -1.462675E+002 0 0
33 2650000000.0 -7.557113E+001 -1.788070E+002 0 0
34 2700000000.0 -7.448455E+001  1.657993E+002 0 0
35 2750000000.0 -7.188712E+001  1.235421E+002 0 0
36 2800000000.0 -7.169287E+001  8.570046E+001 0 0
37 2850000000.0 -7.172175E+001  4.595763E+001 0 0
38 2900000000.0 -7.187436E+001  1.548932E+001 0 0
39 2950000000.0 -7.166483E+001 -1.609426E+001 0 0
40 3000000000.0 -7.126529E+001 -5.698902E+001 0 0
41 3050000000.0 -7.287089E+001 -8.346741E+001 0 0
42 3100000000.0 -7.231350E+001 -1.095823E+002 0 0
43 3150000000.0 -7.310535E+001 -1.499285E+002 0 0
44 3200000000.0 -7.329799E+001  1.791695E+002 0 0
45 3250000000.0 -7.404066E+001  1.568653E+002 0 0
46 3300000000.0 -7.419497E+001  1.270803E+002 0 0
47 3350000000.0 -7.440332E+001  1.005154E+002 0 0
48 3400000000.0 -7.341765E+001  6.430482E+001 0 0
49 3450000000.0 -7.397940E+001  3.348930E+001 0 0
50 3500000000.0 -7.262601E+001  4.324878E+000 0 0
51 3550000000.0 -7.253879E+001 -2.161623E+001 0 0
52 3600000000.0 -7.268647E+001 -4.983447E+001 0 0
53 3650000000.0 -7.327086E+001 -7.828887E+001 0 0
54 3700000000.0 -7.307753E+001 -1.089342E+002 0 0
55 3750000000.0 -7.200393E+001 -1.310906E+002 0 0
56 3800000000.0 -7.141763E+001 -1.665473E+002 0 0
57 3850000000.0 -7.083882E+001  1.663741E+002 0 0
58 3900000000.0 -6.978802E+001  1.327962E+002 0 0
59 3950000000.0 -6.872014E+001  1.007670E+002 0 0
60 4000000000.0 -6.766765E+001  6.543256E+001 0 0
61 4050000000.0 -6.685196E+001  2.823503E+001 0 0
62 4100000000.0 -6.692015E+001 -1.229008E+001 0 0
63 4150000000.0 -6.733520E+001 -5.989399E+001 0 0
64 4200000000.0 -6.879794E+001 -9.899917E+001 0 0
65 4250000000.0 -6.976734E+001 -1.317627E+002 0 0
66 4300000000.0 -7.101568E+001 -1.714736E+002 0 0
67 4350000000.0 -7.123294E+001  1.507313E+002 0 0
68 4400000000.0 -7.177498E+001  1.087482E+002 0 0
69 4450000000.0 -7.364603E+001  8.596175E+001 0 0
70 4500000000.0 -7.150176E+001  4.220621E+001 0 0
71 4550000000.0 -7.317350E+001  4.059942E+000 0 0
72 4600000000.0 -7.211690E+001 -3.553347E+001 0 0
73 4650000000.0 -7.036176E+001 -7.373499E+001 0 0
74 4700000000.0 -7.091177E+001 -1.173575E+002 0 0
75 4750000000.0 -7.120059E+001 -1.599150E+002 0 0
76 4800000000.0 -7.095007E+001  1.672254E+002 0 0
77 4850000000.0 -7.214606E+001  1.326570E+002 0 0
78 4900000000.0 -6.996594E+001  9.652794E+001 0 0
79 4950000000.0 -7.079477E+001  4.449993E+001 0 0
80 5000000000.0 -7.497396E+001  3.205259E+001 0 0
81 5050000000.0 -7.011505E+001  1.310235E+000 0 0
82 5100000000.0 -7.246217E+001 -7.061699E+001 0 0
83 5150000000.0 -7.749351E+001 -5.282440E+001 0 0
84 5200000000.0 -7.077261E+001 -8.759657E+001 0 0
85 5250000000.0 -7.262620E+001 -1.483377E+002 0 0
86 5300000000.0 -7.765497E+001 -1.353356E+002 0 0
87 5350000000.0 -7.031908E+001 -1.772367E+002 0 0
88 5400000000.0 -7.285132E+001  1.128635E+002 0 0
89 5450000000.0 -7.456237E+001  1.424217E+002 0 0
90 5500000000.0 -6.902797E+001  7.794503E+001 0 0
91 5550000000.0 -7.178168E+001  3.584461E+001 0 0
92 5600000000.0 -7.009386E+001  2.796304E+001 0 0
93 5650000000.0 -6.893060E+001 -1.690703E+001 0 0
94 5700000000.0 -7.033514E+001 -4.431848E+001 0 0
95 5750000000.0 -6.774129E+001 -6.798618E+001 0 0
96 5800000000.0 -6.781150E+001 -1.079259E+002 0 0
97 5850000000.0 -6.782414E+001 -1.339568E+002 0 0
98 5900000000.0 -6.680367E+001 -1.639614E+002 0 0
99 5950000000.0 -6.582425E+001  1.589808E+002 0 0
100 6000000000.0 -6.703089E+001  1.257079E+002 0 0
101 6050000000.0 -6.683213E+001  9.148059E+001 0 0
102 6100000000.0 -6.664613E+001  6.025053E+001 0 0
103 6150000000.0 -6.664511E+001  2.909579E+001 0 0
104 6200000000.0 -6.747781E+001 -1.942138E+000 0 0
105 6250000000.0 -6.663397E+001 -3.682420E+001 0 0
106 6300000000.0 -6.721140E+001 -6.787987E+001 0 0
107 6350000000.0 -6.710551E+001 -9.877785E+001 0 0
108 6400000000.0 -6.689168E+001 -1.290217E+002 0 0
109 6450000000.0 -6.671142E+001 -1.599991E+002 0 0
110 6500000000.0 -6.540556E+001  1.690598E+002 0 0
111 6550000000.0 -6.552460E+001  1.363620E+002 0 0
112 6600000000.0 -6.557397E+001  1.029363E+002 0 0
113 6650000000.0 -6.507426E+001  6.981918E+001 0 0
114 6700000000.0 -6.455855E+001  3.207885E+001 0 0
115 6750000000.0 -6.552472E+001  1.818842E-001 0 0
116 6800000000.0 -6.558908E+001 -3.384749E+001 0 0
117 6850000000.0 -6.472496E+001 -6.715977E+001 0 0
118 6900000000.0 -6.561453E+001 -1.034313E+002 0 0
119 6950000000.0 -6.569139E+001 -1.332906E+002 0 0
120 7000000000.0 -6.594321E+001 -1.622115E+002 0 0
121 7050000000.0 -6.633846E+001  1.620877E+002 0 0
122 7100000000.0 -6.713889E+001  1.302219E+002 0 0
123 7150000000.0 -6.754881E+001  1.053350E+002 0 0
124 7200000000.0 -6.751309E+001  6.841501E+001 0 0
125 7250000000.0 -6.772464E+001  4.076870E+001 0 0
126 7300000000.0 -6.791029E+001  1.390208E+001 0 0
127 7350000000.0 -6.781137E+001 -1.383602E+001 0 0
128 7400000000.0 -6.773221E+001 -5.008246E+001 0 0
129 7450000000.0 -6.815163E+001 -7.356416E+001 0 0
130 7500000000.0 -6.784448E+001 -1.033083E+002 0 0
131 7550000000.0 -6.756526E+001 -1.355480E+002 0 0
132 7600000000.0 -6.728954E+001 -1.653046E+002 0 0
133 7650000000.0 -6.793465E+001  1.648658E+002 0 0
134 7700000000.0 -6.670293E+001  1.359170E+002 0 0
135 7750000000.0 -6.700307E+001  1.028863E+002 0 0
136 7800000000.0 -6.676340E+001  7.456754E+001 0 0
137 7850000000.0 -6.684131E+001  4.200241E+001 0 0
138 7900000000.0 -6.703353E+001  1.584334E+001 0 0
139 7950000000.0 -6.714304E+001 -1.560758E+001 0 0
140 8000000000.0 -6.664376E+001 -4.609110E+001 0 0
141 8050000000.0 -6.697731E+001 -7.403656E+001 0 0
142 8100000000.0 -6.549861E+001 -9.676533E+001 0 0
143 8150000000.0 -6.545219E+001 -1.296447E+002 0 0
144 8200000000.0 -6.421496E+001 -1.709128E+002 0 0
145 8250000000.0 -6.476270E+001  1.627252E+002 0 0
146 8300000000.0 -6.301445E+001  1.219108E+002 0 0
147 8350000000.0 -6.451366E+001  8.452758E+001 0 0
148 8400000000.0 -6.419499E+001  5.943773E+001 0 0
149 8450000000.0 -6.569667E+001  3.019610E+001 0 0
150 8500000000.0 -6.536390E+001 -4.543797E+000 0 0
151 8550000000.0 -6.662770E+001 -4.003603E+001 0 0
152 8600000000.0 -6.593124E+001 -6.996028E+001 0 0
153 8650000000.0 -6.652015E+001 -1.088312E+002 0 0
154 8700000000.0 -6.730672E+001 -1.267186E+002 0 0
155 8750000000.0 -6.658588E+001 -1.590456E+002 0 0
156 8800000000.0 -6.920381E+001  1.728080E+002 0 0
157 8850000000.0 -6.853837E+001  1.552644E+002 0 0
158 8900000000.0 -6.814973E+001  1.032375E+002 0 0
159 8950000000.0 -6.749388E+001  7.828130E+001 0 0
160 9000000000.0 -6.683269E+001  4.413140E+001 0 0
161 9050000000.0 -6.671127E+001  1.068889E+001 0 0
162 9100000000.0 -6.791644E+001 -3.307129E+001 0 0
163 9150000000.0 -6.848606E+001 -6.294028E+001 0 0
164 9200000000.0 -6.822026E+001 -9.079938E+001 0 0
165 9250000000.0 -6.875450E+001 -1.256944E+002 0 0
166 9300000000.0 -6.786127E+001 -1.553229E+002 0 0
167 9350000000.0 -6.656138E+001  1.797162E+002 0 0
168 9400000000.0 -6.828185E+001  1.518998E+002 0 0
169 9450000000.0 -6.759210E+001  1.167257E+002 0 0
170 9500000000.0 -6.809283E+001  8.529556E+001 0 0
171 9550000000.0 -6.764088E+001  5.534815E+001 0 0
172 9600000000.0 -6.850893E+001  1.661067E+001 0 0
173 9650000000.0 -6.905306E+001 -9.684570E+000 0 0
174 9700000000.0 -6.928621E+001 -4.513394E+001 0 0
175 9750000000.0 -6.915459E+001 -6.630762E+001 0 0
176 9800000000.0 -6.896574E+001 -1.006159E+002 0 0
177 9850000000.0 -6.983758E+001 -1.340635E+002 0 0
178 9900000000.0 -6.949684E+001 -1.636561E+002 0 0
179 9950000000.0 -7.111872E+001  1.588771E+002 0 0
180 10000000000.0 -6.953551E+001  1.264859E+002 0 0
181 10050000000.0 -6.939530E+001  9.571343E+001 0 0
182 10100000000.0 -6.881049E+001  5.724132E+001 0 0
183 10150000000.0 -6.803239E+001  2.155429E+001 0 0
184 10200000000.0 -6.864573E+001 -1.232708E+001 0 0
185 10250000000.0 -6.948110E+001 -4.722697E+001 0 0
186 10300000000.0 -6.874644E+001 -6.730446E+001 0 0
187 10350000000.0 -6.814392E+001 -1.085299E+002 0 0
188 10400000000.0 -6.918067E+001 -1.405700E+002 0 0
189 10450000000.0 -6.938921E+001 -1.748537E+002 0 0
190 10500000000.0 -7.088639E+001  1.509878E+002 0 0
191 10550000000.0 -7.011604E+001  1.286705E+002 0 0
192 10600000000.0 -7.036111E+001  9.244987E+001 0 0
193 10650000000.0 -6.872942E+001  6.163748E+001 0 0
194 10700000000.0 -6.986522E+001  2.643433E+001 0 0
195 10750000000.0 -7.003631E+001 -8.039052E+000 0 0
196 10800000000.0 -6.895380E+001 -3.013155E+001 0 0
197 10850000000.0 -6.795499E+001 -7.142096E+001 0 0
198 10900000000.0 -6.935802E+001 -1.077192E+002 0 0
199 10950000000.0 -6.809531E+001 -1.394329E+002 0 0
200 11000000000.0 -6.860786E+001 -1.729305E+002 0 0
