0 1000000000.0 -9.379839E+001 -7.616218E+001 0 0
1 1050000000.0 -9.469040E+001 -9.371546E+001 0 0
2 1100000000.0 -9.079166E+001 -1.460324E+002 0 0
3 1150000000.0 -9.096175E+001  1.746713E+002 0 0
4 1200000000.0 -9.146758E+001  1.309099E+002 0 0
5 1250000000.0 -9.088939E+001  8.857634E+001 0 0
6 1300000000.0 -9.274719E+001  7.023846E+001 0 0
7 1350000000.0 -8.951524E+001  2.445431E+001 0 0
8 1400000000.0 -9.234493E+001 -1.847803E+001 0 0
9 1450000000.0 -9.279255E+001 -5.230221E+001 0 0
10 1500000000.0 -9.270153E+001 -6.763659E+001 0 0
11 1550000000.0 -9.094574E+001 -1.183126E+002 0 0
12 1600000000.0 -9.121563E+001 -1.372829E+002 0 0
13 1650000000.0 -8.988465E+001 -1.528814E+002 0 0
14 1700000000.0 -8.505955E+001  1.658310E+002 0 0
15 1750000000.0 -8.281284E+001  1.186935E+002 0 0
16 1800000000.0 -8.093109E+001  5.990322E+001 0 0
17 1850000000.0 -8.201684E+001  7.917030E+000 0 0
18 1900000000.0 -8.402528E+001 -4.466295E+001 0 0
19 1950000000.0 -8.561339E+001 -7.734230E+001 0 0
20 2000000000.0 -8.477602E+001 -1.109439E+002 0 0
21 2050000000.0 -8.458615E+001 -1.496533E+002 0 0
22 2100000000.0 -8.407355E+001  1.617237E+002 0 0
23 2150000000.0 -8.658157E+001  1.135655E+002 0 0
24 2200000000.0 -8.882544E+001  7.456181E+001 0 0
25 2250000000.0 -9.124947E+001  5.582205E+001 0 0
26 2300000000.0 -9.340359E+001  3.930067E+001 0 0
27 2350000000.0 -9.127867E+001 -2.046623E+001 0 0
28 2400000000.0 -9.646590E+001 -2.997995E+001 0 0
29 2450000000.0 -9.568513E+001 -1.065422E+002 0 0
30 2500000000.0 -9.519486E+001 -1.006752E+002 0 0
31 2550000000.0 -1.079482E+002  1.131489E+002 0 0
32 2600000000.0 -1.039389E+002 -7.324401E+001 0 0
33 2650000000.0 -9.454606E+001 -3.889638E+001 0 0
34 2700000000.0 -9.942125E+001 -5.088744E+001 0 0
35 2750000000.0 -1.011123E+002 -1.066875E+002 0 0
36 2800000000.0 -9.664756E+001  1.712085E+002 0 0
37 2850000000.0 -8.998107E+001  1.772812E+002 0 0
38 2900000000.0 -8.675259E+001  1.651772E+002 0 0
39 2950000000.0 -9.065869E+001  1.500914E+002 0 0
40 3000000000.0 -8.965269E+001  1.045178E+002 0 0
41 3050000000.0 -8.538478E+001  8.000893E+001 0 0
42 3100000000.0 -8.406433E+001  4.846809E+001 0 0
43 3150000000.0 -8.572121E+001  5.944460E+000 0 0
44 3200000000.0 -8.492970E+001 -3.138055E+001 0 0
45 3250000000.0 -8.508751E+001 -5.120985E+001 0 0
46 3300000000.0 -8.452310E+001 -9.253808E+001 0 0
47 3350000000.0 -8.433914E+001 -1.270136E+002 0 0
48 3400000000.0 -8.230893E+001 -1.571314E+002 0 0
49 3450000000.0 -8.458373E+001  1.404012E+002 0 0
50 3500000000.0 -8.278970E+001  1.140565E+002 0 0
51 3550000000.0 -8.577415E+001  1.078487E+002 0 0
52 3600000000.0 -8.256580E+001  8.541019E+001 0 0
53 3650000000.0 -8.491953E+001  5.800927E+001 0 0
54 3700000000.0 -8.447736E+001  3.071608E+001 0 0
55 3750000000.0 -8.610487E+001 -9.008605E+000 0 0
56 3800000000.0 -8.351020E+001 -5.284832E+001 0 0
57 3850000000.0 -8.433784E+001 -7.163017E+001 0 0
58 3900000000.0 -8.427724E+001 -6.668893E+001 0 0
59 3950000000.0 -8.248772E+001 -1.050737E+002 0 0
60 4000000000.0 -8.143216E+001 -1.323216E+002 0 0
61 4050000000.0 -7.968172E+001 -1.588671E+002 0 0
62 4100000000.0 -8.159239E+001  1.613612E+002 0 0
63 4150000000.0 -8.052701E+001  1.400072E+002 0 0
64 4200000000.0 -8.096505E+001  1.253123E+002 0 0
65 4250000000.0 -8.194334E+001  1.011421E+002 0 0
66 4300000000.0 -8.113275E+001  4.590619E+001 0 0
67 4350000000.0 -8.414423E+001  6.457134E+001 0 0
68 4400000000.0 -7.893925E+001  3.476653E+001 0 0
69 4450000000.0 -7.800674E+001  1.397831E+001 0 0
70 4500000000.0 -7.641011E+001 -1.029917E+001 0 0
71 4550000000.0 -7.600226E+001 -6.162114E+001 0 0
72 4600000000.0 -7.633602E+001 -1.047211E+002 0 0
73 4650000000.0 -7.548613E+001 -1.374663E+002 0 0
74 4700000000.0 -7.775363E+001 -1.397396E+002 0 0
75 4750000000.0 -7.796980E+001  1.796741E+002 0 0
76 4800000000.0 -7.739612E+001  1.537544E+002 0 0
77 4850000000.0 -7.984819E+001  1.284653E+002 0 0
78 4900000000.0 -7.702742E+001  1.162403E+002 0 0
79 4950000000.0 -7.717372E+001  4.263177E+001 0 0
80 5000000000.0 -8.861140E+001  4.972470E+001 0 0
81 5050000000.0 -7.420707E+001  1.279328E+001 0 0
82 5100000000.0 -8.291647E+001 -7.627491E+001 0 0
83 5150000000.0 -7.959923E+001  2.733493E+001 0 0
84 5200000000.0 -7.475930E+001 -5.892884E+001 0 0
85 5250000000.0 -7.899017E+001 -1.382662E+002 0 0
86 5300000000.0 -8.060732E+001 -5.778014E+001 0 0
87 5350000000.0 -7.360299E+001 -1.461096E+002 0 0
88 5400000000.0 -8.241260E+001  1.170475E+002 0 0
89 5450000000.0 -7.545632E+001 -1.634243E+002 0 0
90 5500000000.0 -7.362489E+001  9.249664E+001 0 0
91 5550000000.0 -9.155991E+001  6.532195E+001 0 0
92 5600000000.0 -7.608062E+001  7.428274E+001 0 0
93 5650000000.0 -7.436874E+001  5.886919E+000 0 0
94 5700000000.0 -7.883902E+001  4.799844E+000 0 0
95 5750000000.0 -7.265926E+001 -4.166379E+001 0 0
96 5800000000.0 -7.415407E+001 -7.328437E+001 0 0
97 5850000000.0 -7.484505E+001 -1.029098E+002 0 0
98 5900000000.0 -7.253574E+001 -1.426871E+002 0 0
99 5950000000.0 -7.239343E+001  1.712686E+002 0 0
100 6000000000.0 -7.393067E+001  1.410135E+002 0 0
101 6050000000.0 -7.527666E+001  1.048686E+002 0 0
102 6100000000.0 -7.501270E+001  8.001408E+001 0 0
103 6150000000.0 -7.748830E+001  4.648027E+001 0 0
104 6200000000.0 -7.318012E+001  6.639518E+000 0 0
105 6250000000.0 -7.704025E+001 -2.227624E+001 0 0
106 6300000000.0 -7.716206E+001 -5.807714E+001 0 0
107 6350000000.0 -7.874850E+001 -8.060941E+001 0 0
108 6400000000.0 -7.811714E+001 -1.218810E+002 0 0
109 6450000000.0 -7.842146E+001 -1.471368E+002 0 0
110 6500000000.0 -7.689599E+001 -1.661804E+002 0 0
111 6550000000.0 -7.717660E+001  1.579477E+002 0 0
112 6600000000.0 -7.723040E+001  1.241524E+002 0 0
113 6650000000.0 -7.541328E+001  9.557569E+001 0 0
114 6700000000.0 -7.629352E+001  5.841574E+001 0 0
115 6750000000.0 -7.521384E+001  3.372796E+001 0 0
116 6800000000.0 -7.375967E+001  6.418312E+000 0 0
117 6850000000.0 -7.610969E+001 -3.455907E+001 0 0
118 6900000000.0 -7.562156E+001 -6.060145E+001 0 0
119 6950000000.0 -7.477153E+001 -8.279465E+001 0 0
120 7000000000.0 -7.483638E+001 -1.179390E+002 0 0
121 7050000000.0 -7.473079E+001 -1.620353E+002 0 0
122 7100000000.0 -7.602942E+001  1.776788E+002 0 0
123 7150000000.0 -7.794923E+001  1.517380E+002 0 0
124 7200000000.0 -7.629179E+001  1.327876E+002 0 0
125 7250000000.0 -7.728194E+001  9.372403E+001 0 0
126 7300000000.0 -7.794318E+001  6.410088E+001 0 0
127 7350000000.0 -7.808737E+001  3.612441E+001 0 0
128 7400000000.0 -7.747588E+001 -9.936371E-001 0 0
129 7450000000.0 -7.664123E+001 -3.291299E+001 0 0
130 7500000000.0 -7.846473E+001 -5.433263E+001 0 0
131 7550000000.0 -7.883549E+001 -8.806935E+001 0 0
132 7600000000.0 -7.715404E+001 -1.297472E+002 0 0
133 7650000000.0 -7.870631E+001 -1.383077E+002 0 0
134 7700000000.0 -7.527879E+001 -1.778109E+002 0 0
135 7750000000.0 -7.602121E+001  1.317467E+002 0 0
136 7800000000.0 -7.943781E+001  9.770918E+001 0 0
137 7850000000.0 -7.875271E+001  7.970512E+001 0 0
138 7900000000.0 -7.898074E+001  7.189159E+001 0 0
139 7950000000.0 -7.671476E+001  4.665606E+001 0 0
140 8000000000.0 -7.947993E+001  1.278752E+001 0 0
141 8050000000.0 -7.757776E+001 -3.074001E+001 0 0
142 8100000000.0 -7.767715E+001 -1.016614E+001 0 0
143 8150000000.0 -7.634817E+001 -5.331147E+001 0 0
144 8200000000.0 -7.968192E+001 -1.127987E+002 0 0
145 8250000000.0 -7.637465E+001 -1.167807E+002 0 0
146 8300000000.0 -7.671323E+001 -1.231628E+002 0 0
147 8350000000.0 -7.296353E+001 -1.554650E+002 0 0
148 8400000000.0 -7.250204E+001  1.714880E+002 0 0
149 8450000000.0 -7.060521E+001  1.288793E+002 0 0
150 8500000000.0 -7.388312E+001  9.338381E+001 0 0
151 8550000000.0 -7.256565E+001  8.193355E+001 0 0
152 8600000000.0 -7.292495E+001  2.220478E+001 0 0
153 8650000000.0 -8.060696E+001  1.391906E+001 0 0
154 8700000000.0 -7.389975E+001 -1.973940E+001 0 0
155 8750000000.0 -7.768212E+001 -7.656730E+001 0 0
156 8800000000.0 -8.423412E+001 -7.873243E+001 0 0
157 8850000000.0 -7.759968E+001 -8.015536E+001 0 0
158 8900000000.0 -8.115780E+001 -1.561941E+002 0 0
159 8950000000.0 -7.749703E+001 -1.600051E+002 0 0
160 9000000000.0 -8.062971E+001  1.731040E+002 0 0
161 9050000000.0 -7.814922E+001  1.065506E+002 0 0
162 9100000000.0 -7.987204E+001  1.174903E+002 0 0
163 9150000000.0 -7.736508E+001  6.981567E+001 0 0
164 9200000000.0 -7.640617E+001  1.909091E+001 0 0
165 9250000000.0 -7.793520E+001 -2.378122E+001 0 0
166 9300000000.0 -7.801862E+001 -4.208778E+001 0 0
167 9350000000.0 -7.804279E+001 -8.706128E+001 0 0
168 9400000000.0 -7.619550E+001 -8.924080E+001 0 0
169 9450000000.0 -8.000450E+001 -1.364282E+002 0 0
170 9500000000.0 -7.651097E+001 -1.576378E+002 0 0
171 9550000000.0 -7.414254E+001 -1.777893E+002 0 0
172 9600000000.0 -7.397632E+001  1.624435E+002 0 0
173 9650000000.0 -7.385986E+001  1.350243E+002 0 0
174 9700000000.0 -7.357298E+001  9.936898E+001 0 0
175 9750000000.0 -7.279826E+001  8.117401E+001 0 0
176 9800000000.0 -7.151962E+001  4.654257E+001 0 0
177 9850000000.0 -7.206053E+001  9.564517E+000 0 0
178 9900000000.0 -7.522353E+001 -2.715647E+001 0 0
179 9950000000.0 -7.269853E+001 -4.687551E+001 0 0
180 10000000000.0 -7.158971E+001 -7.409441E+001 0 0
181 10050000000.0 -7.167694E+001 -1.098059E+002 0 0
182 10100000000.0 -7.299944E+001 -1.488240E+002 0 0
183 10150000000.0 -7.272506E+001  1.787588E+002 0 0
184 10200000000.0 -7.498189E+001  1.341221E+002 0 0
185 10250000000.0 -7.407874E+001  1.144335E+002 0 0
186 10300000000.0 -7.326112E+001  9.130496E+001 0 0
187 10350000000.0 -7.569827E+001  5.571122E+001 0 0
188 10400000000.0 -7.407629E+001  2.453166E+001 0 0
189 10450000000.0 -7.440424E+001 -8.238499E+000 0 0
190 10500000000.0 -7.500509E+001 -3.494790E+001 0 0
191 10550000000.0 -7.428809E+001 -5.218132E+001 0 0
192 10600000000.0 -7.551809E+001 -9.282010E+001 0 0
193 10650000000.0 -7.537701E+001 -1.247243E+002 0 0
194 10700000000.0 -7.415179E+001 -1.666564E+002 0 0
195 10750000000.0 -7.683611E+001 -1.717086E+002 0 0
196 10800000000.0 -7.784935E+001  1.673322E+002 0 0
197 10850000000.0 -7.922218E+001  1.139196E+002 0 0
198 10900000000.0 -8.123875E+001  9.894283E+001 0 0
199 10950000000.0 -8.270209E+001  5.777459E+001 0 0
200 11000000000.0 -8.103580E+001  8.206885E+001 0 0
