0 1000000000.0 -1.072189E+002  1.725556E+002 0 0
1 1050000000.0 -1.087734E+002  8.186205E+001 0 0
2 1100000000.0 -1.023331E+002  3.673010E+001 0 0
3 1150000000.0 -1.038301E+002 -1.248191E+000 0 0
4 1200000000.0 -1.029044E+002 -6.825615E+001 0 0
5 1250000000.0 -1.018134E+002 -1.078493E+002 0 0
6 1300000000.0 -1.001376E+002 -1.568879E+002 0 0
7 1350000000.0 -9.938943E+001  1.578352E+002 0 0
8 1400000000.0 -1.007036E+002  1.146424E+002 0 0
9 1450000000.0 -9.976096E+001  1.011428E+002 0 0
10 1500000000.0 -9.639880E+001  7.456872E+001 0 0
11 1550000000.0 -9.650339E+001  5.068781E+001 0 0
12 1600000000.0 -9.598184E+001  2.085847E+001 0 0
13 1650000000.0 -9.267319E+001 -6.808203E+000 0 0
14 1700000000.0 -9.179101E+001 -3.358051E+001 0 0
15 1750000000.0 -8.960282E+001 -6.061034E+001 0 0
16 1800000000.0 -8.735527E+001 -1.214626E+002 0 0
17 1850000000.0 -8.668313E+001 -1.491736E+002 0 0
18 1900000000.0 -8.817760E+001  1.750359E+002 0 0
19 1950000000.0 -8.604191E+001  1.373885E+002 0 0
20 2000000000.0 -8.817849E+001  9.112733E+001 0 0
21 2050000000.0 -9.117150E+001  6.169566E+001 0 0
22 2100000000.0 -9.127850E+001  3.435169E+001 0 0
23 2150000000.0 -8.868243E+001 -5.759856E-002 0 0
24 2200000000.0 -9.025642E+001 -5.870042E+001 0 0
25 2250000000.0 -9.533531E+001 -8.880867E+001 0 0
26 2300000000.0 -9.559211E+001 -1.068127E+002 0 0
27 2350000000.0 -9.878477E+001 -1.703694E+002 0 0
28 2400000000.0 -1.088325E+002 -1.112966E+002 0 0
29 2450000000.0 -1.019700E+002 -1.202362E+002 0 0
30 2500000000.0 -1.025915E+002  1.438164E+002 0 0
31 2550000000.0 -1.009472E+002 -5.600827E+001 0 0
32 2600000000.0 -1.106363E+002  1.175071E+002 0 0
33 2650000000.0 -1.108219E+002  4.381720E+000 0 0
34 2700000000.0 -1.002691E+002 -1.533311E+002 0 0
35 2750000000.0 -9.574813E+001  9.896115E+001 0 0
36 2800000000.0 -9.966833E+001  3.904348E+001 0 0
37 2850000000.0 -9.626944E+001  2.082751E+001 0 0
38 2900000000.0 -9.319485E+001  7.151543E+000 0 0
39 2950000000.0 -9.222456E+001 -4.555154E+001 0 0
40 3000000000.0 -8.908188E+001 -6.715739E+001 0 0
41 3050000000.0 -8.896066E+001 -8.956029E+001 0 0
42 3100000000.0 -8.730981E+001 -1.218569E+002 0 0
43 3150000000.0 -8.631833E+001 -1.712492E+002 0 0
44 3200000000.0 -8.761151E+001  1.649320E+002 0 0
45 3250000000.0 -8.681505E+001  1.421478E+002 0 0
46 3300000000.0 -8.645520E+001  1.040777E+002 0 0
47 3350000000.0 -8.421944E+001  7.949391E+001 0 0
48 3400000000.0 -8.572526E+001  4.714946E+001 0 0
49 3450000000.0 -8.518551E+001  2.385470E+001 0 0
50 3500000000.0 -8.409461E+001 -1.359439E+001 0 0
51 3550000000.0 -8.563987E+001 -4.265071E+001 0 0
52 3600000000.0 -8.562720E+001 -6.395481E+001 0 0
53 3650000000.0 -8.815559E+001 -1.069442E+002 0 0
54 3700000000.0 -9.274010E+001 -9.451968E+001 0 0
55 3750000000.0 -9.111263E+001 -1.544474E+002 0 0
56 3800000000.0 -9.098061E+001 -1.665209E+002 0 0
57 3850000000.0 -8.723280E+001 -1.718347E+002 0 0
58 3900000000.0 -8.818780E+001  1.367981E+002 0 0
59 3950000000.0 -8.613285E+001  1.101127E+002 0 0
60 4000000000.0 -8.571613E+001  9.771226E+001 0 0
61 4050000000.0 -8.890891E+001  5.740054E+001 0 0
62 4100000000.0 -8.779303E+001  2.782100E+001 0 0
63 4150000000.0 -8.758987E+001 -9.782131E-001 0 0
64 4200000000.0 -8.660271E+001 -3.687820E+001 0 0
65 4250000000.0 -8.567662E+001 -8.403871E+001 0 0
66 4300000000.0 -8.417504E+001 -3.336810E+001 0 0
67 4350000000.0 -8.410493E+001 -1.016876E+002 0 0
68 4400000000.0 -8.331953E+001 -1.570554E+002 0 0
69 4450000000.0 -8.536472E+001  1.554273E+002 0 0
70 4500000000.0 -8.870793E+001  1.093458E+002 0 0
71 4550000000.0 -9.259301E+001 -1.500651E+002 0 0
72 4600000000.0 -8.642636E+001  1.778205E+002 0 0
73 4650000000.0 -9.986699E+001  1.234132E+002 0 0
74 4700000000.0 -8.485571E+001  6.071518E+001 0 0
75 4750000000.0 -8.213710E+001  1.428414E+001 0 0
76 4800000000.0 -8.648329E+001 -7.507435E+000 0 0
77 4850000000.0 -8.557908E+001 -5.494001E+001 0 0
78 4900000000.0 -8.532059E+001 -1.278366E+002 0 0
79 4950000000.0 -8.233752E+001 -6.673000E+001 0 0
80 5000000000.0 -8.283210E+001 -1.540909E+002 0 0
81 5050000000.0 -8.270428E+001  1.111205E+001 0 0
82 5100000000.0 -7.619736E+001 -1.471982E+002 0 0
83 5150000000.0 -7.678696E+001  1.135149E+002 0 0
84 5200000000.0 -9.137017E+001 -1.593619E+001 0 0
85 5250000000.0 -7.869253E+001  1.350807E+002 0 0
86 5300000000.0 -7.570325E+001  1.893192E+001 0 0
87 5350000000.0 -8.858304E+001 -8.340078E+001 0 0
88 5400000000.0 -7.750802E+001  2.738275E+001 0 0
89 5450000000.0 -7.644230E+001 -9.516626E+001 0 0
90 5500000000.0 -8.010670E+001  3.389014E+001 0 0
91 5550000000.0 -7.679594E+001 -7.440889E+001 0 0
92 5600000000.0 -8.424506E+001 -1.461266E+002 0 0
93 5650000000.0 -8.118237E+001 -8.862566E+001 0 0
94 5700000000.0 -7.977023E+001 -1.705774E+002 0 0
95 5750000000.0 -8.452232E+001 -1.693072E+002 0 0
96 5800000000.0 -8.088947E+001  1.306350E+002 0 0
97 5850000000.0 -7.861780E+001  7.238316E+001 0 0
98 5900000000.0 -8.080254E+001  2.006868E+001 0 0
99 5950000000.0 -8.476053E+001 -1.891391E+001 0 0
100 6000000000.0 -7.823661E+001 -5.156440E+001 0 0
101 6050000000.0 -7.781161E+001 -8.643446E+001 0 0
102 6100000000.0 -8.183788E+001 -1.200325E+002 0 0
103 6150000000.0 -8.081348E+001 -1.580128E+002 0 0
104 6200000000.0 -7.986867E+001  1.733204E+002 0 0
105 6250000000.0 -7.867636E+001  1.512285E+002 0 0
106 6300000000.0 -8.131744E+001  1.233419E+002 0 0
107 6350000000.0 -8.098346E+001  1.033441E+002 0 0
108 6400000000.0 -8.192784E+001  8.514600E+001 0 0
109 6450000000.0 -7.979556E+001  5.389646E+001 0 0
110 6500000000.0 -7.746665E+001  3.379976E+001 0 0
111 6550000000.0 -7.896381E+001  4.794321E-001 0 0
112 6600000000.0 -8.066369E+001 -3.467274E+001 0 0
113 6650000000.0 -7.985807E+001 -4.875866E+001 0 0
114 6700000000.0 -7.884099E+001 -9.055805E+001 0 0
115 6750000000.0 -8.082500E+001 -1.325315E+002 0 0
116 6800000000.0 -8.066150E+001 -1.630123E+002 0 0
117 6850000000.0 -8.128430E+001  1.681844E+002 0 0
118 6900000000.0 -8.188092E+001  1.369995E+002 0 0
119 6950000000.0 -8.148350E+001  8.481950E+001 0 0
120 7000000000.0 -8.190774E+001  5.603631E+001 0 0
121 7050000000.0 -8.069962E+001  3.591429E+001 0 0
122 7100000000.0 -8.173112E+001  9.343348E+000 0 0
123 7150000000.0 -8.615257E+001 -3.123481E+001 0 0
124 7200000000.0 -8.803665E+001 -4.651043E+001 0 0
125 7250000000.0 -8.533765E+001 -7.154224E+001 0 0
126 7300000000.0 -8.185894E+001 -8.755113E+001 0 0
127 7350000000.0 -8.142422E+001 -1.259510E+002 0 0
128 7400000000.0 -8.077274E+001 -1.451299E+002 0 0
129 7450000000.0 -8.001138E+001 -1.760518E+002 0 0
130 7500000000.0 -8.124520E+001  1.564710E+002 0 0
131 7550000000.0 -8.031517E+001  1.358245E+002 0 0
132 7600000000.0 -8.270778E+001  9.121854E+001 0 0
133 7650000000.0 -8.467131E+001  5.807311E+001 0 0
134 7700000000.0 -9.082917E+001  5.961281E+001 0 0
135 7750000000.0 -8.530016E+001  5.496032E+000 0 0
136 7800000000.0 -8.311514E+001 -5.518216E+001 0 0
137 7850000000.0 -8.275513E+001 -1.529376E+002 0 0
138 7900000000.0 -7.934701E+001  1.741801E+002 0 0
139 7950000000.0 -8.744445E+001  1.085078E+002 0 0
140 8000000000.0 -8.024840E+001  1.516093E+002 0 0
141 8050000000.0 -9.139812E+001  5.612359E+000 0 0
142 8100000000.0 -9.934489E+001  2.397155E+000 0 0
143 8150000000.0 -9.708713E+001  1.860804E+001 0 0
144 8200000000.0 -8.724290E+001 -1.004831E+002 0 0
145 8250000000.0 -9.186609E+001 -2.791154E+001 0 0
146 8300000000.0 -8.491349E+001  2.468797E+001 0 0
147 8350000000.0 -8.806733E+001 -7.980214E+001 0 0
148 8400000000.0 -8.517238E+001  1.560041E+001 0 0
149 8450000000.0 -8.546291E+001 -3.200532E+001 0 0
150 8500000000.0 -8.294630E+001 -1.128843E+002 0 0
151 8550000000.0 -8.265446E+001 -1.100583E+002 0 0
152 8600000000.0 -7.913440E+001 -1.518544E+002 0 0
153 8650000000.0 -7.985828E+001  1.739524E+002 0 0
154 8700000000.0 -8.688702E+001 -1.754728E+002 0 0
155 8750000000.0 -8.548126E+001  4.621222E+001 0 0
156 8800000000.0 -9.147594E+001  1.494616E+002 0 0
157 8850000000.0 -8.514728E+001 -5.312592E+001 0 0
158 8900000000.0 -9.136191E+001  1.734272E+001 0 0
159 8950000000.0 -8.295739E+001 -4.344584E+001 0 0
160 9000000000.0 -8.191079E+001 -1.055252E+002 0 0
161 9050000000.0 -8.911640E+001 -5.498172E+001 0 0
162 9100000000.0 -8.490816E+001 -1.234137E+002 0 0
163 9150000000.0 -9.062154E+001 -1.574304E+002 0 0
164 9200000000.0 -8.801718E+001 -1.630729E+002 0 0
165 9250000000.0 -8.210046E+001  1.503332E+002 0 0
166 9300000000.0 -7.972930E+001  1.381975E+002 0 0
167 9350000000.0 -8.509751E+001  1.492453E+002 0 0
168 9400000000.0 -8.366288E+001  8.967216E+001 0 0
169 9450000000.0 -8.543683E+001  7.692303E+001 0 0
170 9500000000.0 -8.361914E+001  4.162484E+001 0 0
171 9550000000.0 -8.365773E+001  1.719049E+001 0 0
172 9600000000.0 -7.977103E+001  1.179415E+001 0 0
173 9650000000.0 -7.934095E+001 -5.392726E+001 0 0
174 9700000000.0 -8.209879E+001 -7.907323E+001 0 0
175 9750000000.0 -8.299403E+001 -9.923756E+001 0 0
176 9800000000.0 -8.371198E+001 -1.159986E+002 0 0
177 9850000000.0 -9.234414E+001 -1.558353E+002 0 0
178 9900000000.0 -7.865806E+001  1.456475E+002 0 0
179 9950000000.0 -7.882505E+001  1.226991E+002 0 0
180 10000000000.0 -8.354692E+001  1.097266E+002 0 0
181 10050000000.0 -8.719534E+001  6.271442E+001 0 0
182 10100000000.0 -8.635649E+001  3.776887E+001 0 0
183 10150000000.0 -8.396373E+001 -6.935189E+000 0 0
184 10200000000.0 -8.376800E+001 -4.188485E+001 0 0
185 10250000000.0 -8.261215E+001 -7.815013E+001 0 0
186 10300000000.0 -8.462318E+001 -1.022585E+002 0 0
187 10350000000.0 -8.510565E+001 -1.492664E+002 0 0
188 10400000000.0 -8.125598E+001  1.793066E+002 0 0
189 10450000000.0 -8.354295E+001  1.688524E+002 0 0
190 10500000000.0 -8.494079E+001  1.025130E+002 0 0
191 10550000000.0 -8.616383E+001  7.425657E+001 0 0
192 10600000000.0 -8.505537E+001  4.979393E+001 0 0
193 10650000000.0 -8.661708E+001 -3.639189E+000 0 0
194 10700000000.0 -8.447726E+001 -5.713411E+001 0 0
195 10750000000.0 -8.320000E+001 -3.830796E+001 0 0
196 10800000000.0 -8.492858E+001 -7.583279E+001 0 0
197 10850000000.0 -8.432700E+001 -8.808160E+001 0 0
198 10900000000.0 -7.972060E+001 -1.225460E+002 0 0
199 10950000000.0 -8.150924E+001 -1.525008E+002 0 0
200 11000000000.0 -7.737657E+001  1.669084E+002 0 0
