0 1000000000.0 -1.028359E+002  2.128392E+001 0 0
1 1050000000.0 -9.908508E+001 -1.436292E+001 0 0
2 1100000000.0 -9.722214E+001 -4.555984E+001 0 0
3 1150000000.0 -9.871654E+001 -9.421769E+001 0 0
4 1200000000.0 -9.934949E+001 -1.152653E+002 0 0
5 1250000000.0 -9.950751E+001 -1.512923E+002 0 0
6 1300000000.0 -1.000982E+002 -1.653203E+002 0 0
7 1350000000.0 -1.004717E+002  1.386604E+002 0 0
8 1400000000.0 -1.072536E+002  1.308995E+002 0 0
9 1450000000.0 -1.072809E+002  8.577723E+001 0 0
10 1500000000.0 -1.107498E+002  5.427242E+001 0 0
11 1550000000.0 -1.081546E+002  5.652321E+001 0 0
12 1600000000.0 -1.125055E+002  1.385277E+001 0 0
13 1650000000.0 -1.089469E+002 -1.537390E+002 0 0
14 1700000000.0 -1.034114E+002 -1.730296E+002 0 0
15 1750000000.0 -1.049967E+002  1.098451E+002 0 0
16 1800000000.0 -9.797833E+001  9.178935E+001 0 0
17 1850000000.0 -9.335216E+001  2.663787E+001 0 0
18 1900000000.0 -9.421805E+001  6.850471E+000 0 0
19 1950000000.0 -9.393304E+001 -3.660672E+001 0 0
20 2000000000.0 -9.314256E+001 -8.204196E+001 0 0
21 2050000000.0 -9.463696E+001 -1.182004E+002 0 0
22 2100000000.0 -9.601105E+001 -1.384917E+002 0 0
23 2150000000.0 -9.717988E+001 -1.676874E+002 0 0
24 2200000000.0 -1.010028E+002  1.477001E+002 0 0
25 2250000000.0 -9.824156E+001  1.349715E+002 0 0
26 2300000000.0 -9.904771E+001  1.064406E+002 0 0
27 2350000000.0 -1.028942E+002  9.336562E+001 0 0
28 2400000000.0 -1.016468E+002  6.562137E+001 0 0
29 2450000000.0 -1.051252E+002  2.114608E+001 0 0
30 2500000000.0 -1.101431E+002  3.178341E+001 0 0
31 2550000000.0 -1.104296E+002  1.741237E+002 0 0
32 2600000000.0 -1.120351E+002 -1.163036E+002 0 0
33 2650000000.0 -1.033904E+002  7.524191E+001 0 0
34 2700000000.0 -9.905551E+001  8.403391E+001 0 0
35 2750000000.0 -9.529320E+001  4.821680E+001 0 0
36 2800000000.0 -9.623419E+001  1.437554E+001 0 0
37 2850000000.0 -9.484293E+001 -9.408607E+000 0 0
38 2900000000.0 -9.449438E+001 -2.871934E+001 0 0
39 2950000000.0 -9.322569E+001 -5.712103E+001 0 0
40 3000000000.0 -9.422072E+001 -9.801581E+001 0 0
41 3050000000.0 -9.290203E+001 -1.290403E+002 0 0
42 3100000000.0 -9.369309E+001 -1.614582E+002 0 0
43 3150000000.0 -9.569185E+001  1.764897E+002 0 0
44 3200000000.0 -9.501788E+001  1.348696E+002 0 0
45 3250000000.0 -9.752556E+001  7.218794E+001 0 0
46 3300000000.0 -9.486771E+001  1.762303E+001 0 0
47 3350000000.0 -9.572316E+001  1.876077E+001 0 0
48 3400000000.0 -9.890503E+001 -1.021890E+002 0 0
49 3450000000.0 -9.974007E+001 -1.487997E+002 0 0
50 3500000000.0 -1.014352E+002 -1.290796E+002 0 0
51 3550000000.0 -9.335091E+001 -1.364454E+002 0 0
52 3600000000.0 -9.154320E+001  1.115253E+002 0 0
53 3650000000.0 -9.277528E+001  8.607768E+001 0 0
54 3700000000.0 -8.971172E+001  4.730618E+001 0 0
55 3750000000.0 -9.151165E+001  6.430679E+000 0 0
56 3800000000.0 -9.296323E+001 -3.329304E+001 0 0
57 3850000000.0 -9.249648E+001 -8.431768E+001 0 0
58 3900000000.0 -1.006050E+002 -6.868764E+001 0 0
59 3950000000.0 -9.708603E+001 -1.410895E+002 0 0
60 4000000000.0 -9.774001E+001  1.356204E+002 0 0
61 4050000000.0 -1.045379E+002  3.057199E+001 0 0
62 4100000000.0 -9.761290E+001  5.220617E+001 0 0
63 4150000000.0 -9.289667E+001 -7.157295E+000 0 0
64 4200000000.0 -9.049835E+001 -6.010394E+001 0 0
65 4250000000.0 -8.649367E+001 -1.205039E+002 0 0
66 4300000000.0 -8.895152E+001 -2.128988E+001 0 0
67 4350000000.0 -8.672267E+001 -1.301029E+002 0 0
68 4400000000.0 -8.315072E+001  1.703373E+002 0 0
69 4450000000.0 -8.153503E+001  1.175231E+002 0 0
70 4500000000.0 -8.183437E+001  6.393538E+001 0 0
71 4550000000.0 -8.429902E+001  5.940466E+001 0 0
72 4600000000.0 -9.002850E+001 -4.037071E+001 0 0
73 4650000000.0 -8.958408E+001 -5.157632E+001 0 0
74 4700000000.0 -8.326745E+001 -1.438704E+000 0 0
75 4750000000.0 -8.443417E+001 -4.463263E+001 0 0
76 4800000000.0 -8.516573E+001 -7.088423E+001 0 0
77 4850000000.0 -7.971019E+001 -1.189419E+002 0 0
78 4900000000.0 -7.793486E+001 -1.612606E+002 0 0
79 4950000000.0 -1.012279E+002 -1.449401E+002 0 0
80 5000000000.0 -7.976513E+001  1.730219E+002 0 0
81 5050000000.0 -7.951566E+001  3.793902E+001 0 0
82 5100000000.0 -7.992503E+001 -1.643987E+002 0 0
83 5150000000.0 -7.549125E+001  9.449623E+001 0 0
84 5200000000.0 -8.099146E+001  7.078322E+000 0 0
85 5250000000.0 -7.990676E+001  1.017404E+002 0 0
86 5300000000.0 -7.304324E+001  1.212216E+001 0 0
87 5350000000.0 -8.123495E+001 -6.700153E+001 0 0
88 5400000000.0 -7.729537E+001  1.593698E+000 0 0
89 5450000000.0 -7.258790E+001 -9.548878E+001 0 0
90 5500000000.0 -8.603840E+001  5.539980E+000 0 0
91 5550000000.0 -7.469502E+001 -9.402730E+001 0 0
92 5600000000.0 -8.055839E+001 -1.618502E+002 0 0
93 5650000000.0 -8.125373E+001 -1.182103E+002 0 0
94 5700000000.0 -7.668504E+001  1.777806E+002 0 0
95 5750000000.0 -7.955594E+001  1.667120E+002 0 0
96 5800000000.0 -7.807075E+001  1.279944E+002 0 0
97 5850000000.0 -7.858072E+001  6.920564E+001 0 0
98 5900000000.0 -7.894364E+001  1.815296E+001 0 0
99 5950000000.0 -8.635948E+001 -1.363197E+001 0 0
100 6000000000.0 -8.013998E+001 -4.389518E+001 0 0
101 6050000000.0 -8.195694E+001 -6.987120E+001 0 0
102 6100000000.0 -8.293880E+001 -1.370352E+002 0 0
103 6150000000.0 -8.967572E+001  1.738876E+002 0 0
104 6200000000.0 -9.004578E+001 -1.737466E+002 0 0
105 6250000000.0 -9.157179E+001  1.652566E+002 0 0
106 6300000000.0 -8.408607E+001  1.180573E+002 0 0
107 6350000000.0 -9.515739E+001  1.257062E+002 0 0
108 6400000000.0 -9.816084E+001  2.781156E+001 0 0
109 6450000000.0 -8.821098E+001  8.927802E+001 0 0
110 6500000000.0 -8.730431E+001  2.977935E+001 0 0
111 6550000000.0 -8.813847E+001  2.586160E+001 0 0
112 6600000000.0 -8.696106E+001  1.851826E+001 0 0
113 6650000000.0 -9.018623E+001 -1.222730E+002 0 0
114 6700000000.0 -1.013100E+002 -1.632203E+002 0 0
115 6750000000.0 -8.716544E+001  1.618172E+002 0 0
116 6800000000.0 -8.277439E+001  9.969193E+001 0 0
117 6850000000.0 -8.031668E+001  5.565371E+001 0 0
118 6900000000.0 -8.007962E+001  3.844836E+001 0 0
119 6950000000.0 -7.745774E+001  1.608704E+001 0 0
120 7000000000.0 -7.718140E+001 -2.713673E+001 0 0
121 7050000000.0 -7.828716E+001 -4.650294E+001 0 0
122 7100000000.0 -7.606509E+001 -8.088627E+001 0 0
123 7150000000.0 -7.649345E+001 -1.029762E+002 0 0
124 7200000000.0 -7.710798E+001 -1.355278E+002 0 0
125 7250000000.0 -8.172231E+001 -1.725733E+002 0 0
126 7300000000.0 -8.091776E+001 -1.602489E+002 0 0
127 7350000000.0 -8.192746E+001  1.647033E+002 0 0
128 7400000000.0 -8.088532E+001  1.580488E+002 0 0
129 7450000000.0 -8.118608E+001  1.393790E+002 0 0
130 7500000000.0 -8.525227E+001  9.899901E+001 0 0
131 7550000000.0 -8.421448E+001  1.068838E+002 0 0
132 7600000000.0 -8.329891E+001  9.057958E+001 0 0
133 7650000000.0 -8.328083E+001  3.978712E+001 0 0
134 7700000000.0 -8.736794E+001  3.569874E+001 0 0
135 7750000000.0 -8.456218E+001  3.415103E+000 0 0
136 7800000000.0 -8.135459E+001 -3.702455E+001 0 0
137 7850000000.0 -8.153290E+001 -1.137874E+002 0 0
138 7900000000.0 -7.997012E+001 -1.566524E+002 0 0
139 7950000000.0 -8.072501E+001 -1.350011E+002 0 0
140 8000000000.0 -7.824229E+001 -1.696728E+002 0 0
141 8050000000.0 -8.113388E+001 -1.668762E+002 0 0
142 8100000000.0 -7.906567E+001  1.445612E+002 0 0
143 8150000000.0 -8.164497E+001  1.502801E+002 0 0
144 8200000000.0 -7.845051E+001  6.521994E+001 0 0
145 8250000000.0 -7.698579E+001  4.562747E+001 0 0
146 8300000000.0 -7.761347E+001 -2.633435E+000 0 0
147 8350000000.0 -8.062408E+001 -3.590841E+001 0 0
148 8400000000.0 -7.683755E+001 -6.532295E+001 0 0
149 8450000000.0 -7.694691E+001 -1.265512E+002 0 0
150 8500000000.0 -8.193134E+001 -1.725737E+002 0 0
151 8550000000.0 -8.320603E+001 -1.725811E+002 0 0
152 8600000000.0 -7.930125E+001  1.380547E+002 0 0
153 8650000000.0 -7.604395E+001  1.020856E+002 0 0
154 8700000000.0 -8.189183E+001  9.352453E+001 0 0
155 8750000000.0 -7.913197E+001  6.203971E+001 0 0
156 8800000000.0 -7.599095E+001  6.089511E+001 0 0
157 8850000000.0 -7.675757E+001  1.644415E+001 0 0
158 8900000000.0 -7.549309E+001 -1.303185E+001 0 0
159 8950000000.0 -7.447250E+001 -4.087122E+001 0 0
160 9000000000.0 -7.905368E+001 -6.577374E+001 0 0
161 9050000000.0 -8.002815E+001 -9.152273E+001 0 0
162 9100000000.0 -9.058470E+001 -6.604752E+001 0 0
163 9150000000.0 -8.196685E+001 -3.150831E+000 0 0
164 9200000000.0 -8.293976E+001 -3.211440E+001 0 0
165 9250000000.0 -7.963629E+001 -4.920934E+001 0 0
166 9300000000.0 -7.389503E+001 -4.026226E+001 0 0
167 9350000000.0 -7.379694E+001 -7.266848E+001 0 0
168 9400000000.0 -7.690353E+001 -8.314565E+001 0 0
169 9450000000.0 -7.201572E+001 -1.229302E+002 0 0
170 9500000000.0 -7.359641E+001 -1.373297E+002 0 0
171 9550000000.0 -7.368275E+001 -1.483610E+002 0 0
172 9600000000.0 -7.307361E+001 -1.720892E+002 0 0
173 9650000000.0 -7.302507E+001  1.778143E+002 0 0
174 9700000000.0 -7.453029E+001  1.660022E+002 0 0
175 9750000000.0 -7.446626E+001  1.547717E+002 0 0
176 9800000000.0 -7.520401E+001  1.333869E+002 0 0
177 9850000000.0 -7.519555E+001  1.243384E+002 0 0
178 9900000000.0 -7.609775E+001  1.076125E+002 0 0
179 9950000000.0 -7.693474E+001  9.873068E+001 0 0
180 10000000000.0 -7.836378E+001  9.499980E+001 0 0
181 10050000000.0 -7.839052E+001  8.357894E+001 0 0
182 10100000000.0 -7.935372E+001  8.349577E+001 0 0
183 10150000000.0 -8.032198E+001  7.376710E+001 0 0
184 10200000000.0 -7.881911E+001  7.488789E+001 0 0
185 10250000000.0 -7.639284E+001  6.002236E+001 0 0
186 10300000000.0 -7.681613E+001  6.048491E+001 0 0
187 10350000000.0 -7.867423E+001  4.367814E+001 0 0
188 10400000000.0 -7.721085E+001  2.445340E+001 0 0
189 10450000000.0 -7.876325E+001  8.517038E+000 0 0
190 10500000000.0 -7.656127E+001  3.481439E+000 0 0
191 10550000000.0 -7.779240E+001 -1.598122E+001 0 0
192 10600000000.0 -7.850945E+001 -2.030985E+001 0 0
193 10650000000.0 -8.019543E+001 -5.310006E+001 0 0
194 10700000000.0 -7.842680E+001 -3.670774E+001 0 0
195 10750000000.0 -8.002135E+001 -4.947496E+001 0 0
196 10800000000.0 -8.071278E+001 -2.177963E+001 0 0
197 10850000000.0 -7.795801E+001 -3.990763E+001 0 0
198 10900000000.0 -7.739238E+001 -3.699397E+001 0 0
199 10950000000.0 -7.673570E+001 -5.500137E+001 0 0
200 11000000000.0 -7.492166E+001 -7.069297E+001 0 0
