0 1000000000.0 -1.049742E+002 -1.128221E+002 0 0
1 1050000000.0 -1.031460E+002 -1.696591E+002 0 0
2 1100000000.0 -1.062450E+002  1.327054E+002 0 0
3 1150000000.0 -1.043056E+002  1.243789E+002 0 0
4 1200000000.0 -1.019003E+002  6.642397E+001 0 0
5 1250000000.0 -1.033744E+002  2.818065E+001 0 0
6 1300000000.0 -1.036261E+002 -1.086869E+001 0 0
7 1350000000.0 -1.038592E+002 -2.271251E+001 0 0
8 1400000000.0 -1.028207E+002 -8.500916E+001 0 0
9 1450000000.0 -1.068236E+002 -1.257936E+002 0 0
10 1500000000.0 -1.050217E+002 -1.777849E+002 0 0
11 1550000000.0 -1.020019E+002  1.482124E+002 0 0
12 1600000000.0 -1.033796E+002  1.247765E+002 0 0
13 1650000000.0 -9.986096E+001  6.460175E+001 0 0
14 1700000000.0 -9.632255E+001  2.512128E+001 0 0
15 1750000000.0 -9.185185E+001 -1.274142E+001 0 0
16 1800000000.0 -9.048176E+001 -7.196313E+001 0 0
17 1850000000.0 -9.022374E+001 -9.681597E+001 0 0
18 1900000000.0 -9.098779E+001 -1.417938E+002 0 0
19 1950000000.0 -8.982120E+001  1.563124E+002 0 0
20 2000000000.0 -9.571664E+001  1.184114E+002 0 0
21 2050000000.0 -9.388229E+001  9.292049E+001 0 0
22 2100000000.0 -9.764512E+001  4.878785E+001 0 0
23 2150000000.0 -9.894344E+001 -1.483879E+001 0 0
24 2200000000.0 -1.066085E+002 -1.153515E+001 0 0
25 2250000000.0 -9.611673E+001 -4.728040E+001 0 0
26 2300000000.0 -9.560265E+001 -1.085282E+002 0 0
27 2350000000.0 -9.657707E+001 -1.148265E+002 0 0
28 2400000000.0 -9.538171E+001 -1.475806E+002 0 0
29 2450000000.0 -9.171881E+001  1.679874E+002 0 0
30 2500000000.0 -9.574223E+001  1.410127E+002 0 0
31 2550000000.0 -9.353404E+001  1.176814E+002 0 0
32 2600000000.0 -9.481224E+001  8.249914E+001 0 0
33 2650000000.0 -9.575060E+001  7.995538E+001 0 0
34 2700000000.0 -9.738724E+001  6.922736E+001 0 0
35 2750000000.0 -9.732726E+001  5.502716E+001 0 0
36 2800000000.0 -1.032286E+002  4.003188E+001 0 0
37 2850000000.0 -9.697530E+001  9.296790E+001 0 0
38 2900000000.0 -9.527782E+001  6.069382E+001 0 0
39 2950000000.0 -9.276771E+001  4.833491E+001 0 0
40 3000000000.0 -9.078712E+001  2.509368E+001 0 0
41 3050000000.0 -8.913003E+001  1.598384E+000 0 0
42 3100000000.0 -8.818307E+001 -2.727423E+001 0 0
43 3150000000.0 -8.753922E+001 -4.573212E+001 0 0
44 3200000000.0 -8.768395E+001 -8.138017E+001 0 0
45 3250000000.0 -8.772800E+001 -9.779200E+001 0 0
46 3300000000.0 -8.642945E+001 -1.324761E+002 0 0
47 3350000000.0 -8.654430E+001 -1.683908E+002 0 0
48 3400000000.0 -8.600663E+001  1.658653E+002 0 0
49 3450000000.0 -8.665910E+001  1.303004E+002 0 0
50 3500000000.0 -8.532506E+001  8.813393E+001 0 0
51 3550000000.0 -8.672862E+001  6.005199E+001 0 0
52 3600000000.0 -8.858249E+001  5.157313E+001 0 0
53 3650000000.0 -9.344830E+001  2.752570E+001 0 0
54 3700000000.0 -8.626786E+001  5.121674E+000 0 0
55 3750000000.0 -9.013097E+001 -3.587762E+001 0 0
56 3800000000.0 -8.860877E+001 -7.620427E+001 0 0
57 3850000000.0 -8.827950E+001 -1.051957E+002 0 0
58 3900000000.0 -9.517107E+001 -1.215473E+002 0 0
59 3950000000.0 -9.261735E+001 -1.521618E+002 0 0
60 4000000000.0 -9.064116E+001 -1.468165E+002 0 0
61 4050000000.0 -8.946220E+001 -1.358717E+002 0 0
62 4100000000.0 -8.942549E+001 -1.750674E+002 0 0
63 4150000000.0 -8.804256E+001  1.530560E+002 0 0
64 4200000000.0 -9.017101E+001  1.458840E+002 0 0
65 4250000000.0 -8.731898E+001  1.527600E+002 0 0
66 4300000000.0 -8.489241E+001  5.846894E+001 0 0
67 4350000000.0 -8.813237E+001  6.212164E+001 0 0
68 4400000000.0 -8.690378E+001  7.872421E+001 0 0
69 4450000000.0 -8.119893E+001  3.657681E+001 0 0
70 4500000000.0 -7.954091E+001  1.090278E+001 0 0
71 4550000000.0 -8.028942E+001 -4.330502E+001 0 0
72 4600000000.0 -7.932043E+001 -8.264307E+001 0 0
73 4650000000.0 -8.057823E+001 -1.234385E+002 0 0
74 4700000000.0 -8.690062E+001 -1.351270E+002 0 0
75 4750000000.0 -8.576179E+001  1.767563E+002 0 0
76 4800000000.0 -8.568738E+001  1.699899E+002 0 0
77 4850000000.0 -8.333865E+001 -1.798230E+002 0 0
78 4900000000.0 -8.255509E+001  1.516290E+002 0 0
79 4950000000.0 -8.620868E+001  2.877068E+001 0 0
80 5000000000.0 -8.344690E+001  1.338400E+002 0 0
81 5050000000.0 -7.598370E+001  2.635444E+001 0 0
82 5100000000.0 -8.147778E+001 -1.180020E+002 0 0
83 5150000000.0 -8.015160E+001  8.611707E+001 0 0
84 5200000000.0 -7.899234E+001 -2.807150E+001 0 0
85 5250000000.0 -8.777505E+001  1.598475E+002 0 0
86 5300000000.0 -7.661773E+001 -5.877445E+000 0 0
87 5350000000.0 -7.880822E+001 -1.202148E+002 0 0
88 5400000000.0 -8.420383E+001  4.745505E+001 0 0
89 5450000000.0 -7.614083E+001 -1.238070E+002 0 0
90 5500000000.0 -7.839461E+001  7.806924E+001 0 0
91 5550000000.0 -8.189503E+001 -5.999942E+001 0 0
92 5600000000.0 -8.642582E+001  8.688829E+001 0 0
93 5650000000.0 -8.194524E+001 -3.218159E+001 0 0
94 5700000000.0 -8.780205E+001 -1.482234E+002 0 0
95 5750000000.0 -8.309170E+001 -7.500800E+001 0 0
96 5800000000.0 -8.440833E+001 -1.048185E+002 0 0
97 5850000000.0 -8.761319E+001 -9.242783E+001 0 0
98 5900000000.0 -8.255922E+001 -1.272162E+002 0 0
99 5950000000.0 -7.807941E+001 -1.615313E+002 0 0
100 6000000000.0 -8.070486E+001  1.514326E+002 0 0
101 6050000000.0 -7.937727E+001  1.162066E+002 0 0
102 6100000000.0 -7.821308E+001  9.714136E+001 0 0
103 6150000000.0 -7.993676E+001  6.019965E+001 0 0
104 6200000000.0 -7.899187E+001  3.692754E+001 0 0
105 6250000000.0 -8.296544E+001  1.129357E+001 0 0
106 6300000000.0 -8.277177E+001 -2.618769E+000 0 0
107 6350000000.0 -7.896155E+001 -3.919026E+001 0 0
108 6400000000.0 -7.950478E+001 -7.458332E+001 0 0
109 6450000000.0 -8.474709E+001 -9.672923E+001 0 0
110 6500000000.0 -8.208290E+001 -1.288530E+002 0 0
111 6550000000.0 -8.148129E+001 -1.522030E+002 0 0
112 6600000000.0 -7.944022E+001 -1.765888E+002 0 0
113 6650000000.0 -7.785284E+001  1.508023E+002 0 0
114 6700000000.0 -8.014613E+001  1.252620E+002 0 0
115 6750000000.0 -7.853183E+001  1.055104E+002 0 0
116 6800000000.0 -7.731278E+001  6.828615E+001 0 0
117 6850000000.0 -7.705730E+001  4.949619E+001 0 0
118 6900000000.0 -7.793333E+001  2.191183E+001 0 0
119 6950000000.0 -7.904266E+001 -1.483631E+000 0 0
120 7000000000.0 -7.967793E+001 -2.571736E+001 0 0
121 7050000000.0 -8.017776E+001 -4.569204E+001 0 0
122 7100000000.0 -7.830533E+001 -6.618497E+001 0 0
123 7150000000.0 -8.015967E+001 -1.070413E+002 0 0
124 7200000000.0 -8.242797E+001 -1.611254E+002 0 0
125 7250000000.0 -9.102070E+001 -1.506270E+002 0 0
126 7300000000.0 -9.176482E+001 -1.270603E+002 0 0
127 7350000000.0 -8.486853E+001 -1.301887E+002 0 0
128 7400000000.0 -8.640105E+001 -1.267036E+002 0 0
129 7450000000.0 -8.347496E+001 -1.501288E+002 0 0
130 7500000000.0 -8.396593E+001  1.621943E+002 0 0
131 7550000000.0 -8.353798E+001  1.568031E+002 0 0
132 7600000000.0 -8.344975E+001  1.241516E+002 0 0
133 7650000000.0 -8.561135E+001  6.141010E+001 0 0
134 7700000000.0 -8.669612E+001  1.214441E+002 0 0
135 7750000000.0 -8.360894E+001  3.112844E+001 0 0
136 7800000000.0 -8.552846E+001 -6.601847E+001 0 0
137 7850000000.0 -7.833207E+001 -1.048776E+002 0 0
138 7900000000.0 -8.059366E+001 -1.659449E+002 0 0
139 7950000000.0 -7.910733E+001 -1.576621E+002 0 0
140 8000000000.0 -7.649614E+001 -1.571594E+002 0 0
141 8050000000.0 -7.866277E+001  1.628600E+002 0 0
142 8100000000.0 -7.766620E+001  1.442776E+002 0 0
143 8150000000.0 -7.633378E+001  1.333058E+002 0 0
144 8200000000.0 -7.931528E+001  9.798177E+001 0 0
145 8250000000.0 -7.849605E+001  9.697023E+001 0 0
146 8300000000.0 -7.563804E+001  6.361010E+001 0 0
147 8350000000.0 -7.828379E+001  5.015223E+001 0 0
148 8400000000.0 -7.544076E+001  4.430331E+001 0 0
149 8450000000.0 -8.152182E+001 -2.909688E+000 0 0
150 8500000000.0 -7.724277E+001 -1.696248E+001 0 0
151 8550000000.0 -7.618886E+001 -1.865751E+001 0 0
152 8600000000.0 -7.806236E+001 -6.442318E+001 0 0
153 8650000000.0 -8.065379E+001 -7.905621E+001 0 0
154 8700000000.0 -7.643975E+001 -9.373186E+001 0 0
155 8750000000.0 -8.326325E+001 -9.983460E+001 0 0
156 8800000000.0 -8.003638E+001 -9.986730E+001 0 0
157 8850000000.0 -7.766566E+001 -1.359033E+002 0 0
158 8900000000.0 -8.154488E+001 -1.603243E+002 0 0
159 8950000000.0 -7.914089E+001 -1.590206E+002 0 0
160 9000000000.0 -8.334254E+001  1.627168E+002 0 0
161 9050000000.0 -8.407216E+001 -1.735111E+002 0 0
162 9100000000.0 -9.211606E+001  1.408596E+002 0 0
163 9150000000.0 -8.295694E+001  1.184088E+002 0 0
164 9200000000.0 -8.986024E+001  7.932946E+001 0 0
165 9250000000.0 -8.494449E+001  1.499394E+002 0 0
166 9300000000.0 -8.926147E+001 -1.410559E+002 0 0
167 9350000000.0 -9.847835E+001 -1.776021E+002 0 0
168 9400000000.0 -1.070158E+002  4.228544E+001 0 0
169 9450000000.0 -9.034397E+001 -1.008518E+001 0 0
170 9500000000.0 -8.846214E+001 -3.639790E+001 0 0
171 9550000000.0 -9.898654E+001  1.569207E+002 0 0
172 9600000000.0 -1.006525E+002 -3.197476E+001 0 0
173 9650000000.0 -9.317841E+001  1.397505E+002 0 0
174 9700000000.0 -8.875514E+001  1.585749E+002 0 0
175 9750000000.0 -8.266209E+001  2.192307E+001 0 0
176 9800000000.0 -8.666219E+001  2.094294E+001 0 0
177 9850000000.0 -9.366436E+001  5.804453E+000 0 0
178 9900000000.0 -9.433495E+001  9.413270E+001 0 0
179 9950000000.0 -9.419987E+001 -8.745985E+001 0 0
180 10000000000.0 -8.875083E+001 -5.589080E+001 0 0
181 10050000000.0 -8.922565E+001 -1.224864E+002 0 0
182 10100000000.0 -9.491106E+001 -1.168918E+002 0 0
183 10150000000.0 -8.504433E+001  1.469274E+002 0 0
184 10200000000.0 -9.681534E+001 -6.235767E+001 0 0
185 10250000000.0 -9.200262E+001  7.434259E+001 0 0
186 10300000000.0 -8.859608E+001 -4.520184E+001 0 0
187 10350000000.0 -9.116484E+001 -3.266600E+001 0 0
188 10400000000.0 -8.661885E+001 -1.148689E+002 0 0
189 10450000000.0 -8.680536E+001 -1.658515E+002 0 0
190 10500000000.0 -8.989465E+001  1.576185E+002 0 0
191 10550000000.0 -8.430442E+001  1.295260E+002 0 0
192 10600000000.0 -8.829254E+001  1.450743E+002 0 0
193 10650000000.0 -8.515652E+001  1.208537E+002 0 0
194 10700000000.0 -9.475030E+001  1.230537E+002 0 0
195 10750000000.0 -8.765179E+001  1.096722E+002 0 0
196 10800000000.0 -8.310996E+001  1.353920E+002 0 0
197 10850000000.0 -9.825501E+001  1.649393E+002 0 0
198 10900000000.0 -8.941772E+001  1.493407E+002 0 0
199 10950000000.0 -8.887300E+001  1.198845E+002 0 0
200 11000000000.0 -1.028393E+002  5.398139E+001 0 0
