0 1000000000.0 -1.111953E+002 -1.626268E+002 0 0
1 1050000000.0 -1.126295E+002  8.626614E+001 0 0
2 1100000000.0 -1.039053E+002  4.254006E+001 0 0
3 1150000000.0 -1.068384E+002 -2.477479E+000 0 0
4 1200000000.0 -1.071500E+002 -3.443871E+001 0 0
5 1250000000.0 -1.020855E+002 -1.009521E+002 0 0
6 1300000000.0 -9.875480E+001 -1.465365E+002 0 0
7 1350000000.0 -9.903191E+001  1.685841E+002 0 0
8 1400000000.0 -9.980052E+001  1.435713E+002 0 0
9 1450000000.0 -1.006557E+002  9.424378E+001 0 0
10 1500000000.0 -9.939629E+001  7.777382E+001 0 0
11 1550000000.0 -9.719949E+001  5.988856E+001 0 0
12 1600000000.0 -9.474658E+001  2.321711E+001 0 0
13 1650000000.0 -9.547067E+001  2.431336E-001 0 0
14 1700000000.0 -9.242081E+001 -3.094742E+001 0 0
15 1750000000.0 -9.138481E+001 -5.676052E+001 0 0
16 1800000000.0 -8.798378E+001 -1.129521E+002 0 0
17 1850000000.0 -8.734155E+001 -1.301024E+002 0 0
18 1900000000.0 -8.702293E+001 -1.779811E+002 0 0
19 1950000000.0 -8.673586E+001  1.273159E+002 0 0
20 2000000000.0 -8.957411E+001  9.314890E+001 0 0
21 2050000000.0 -8.831593E+001  6.179147E+001 0 0
22 2100000000.0 -8.895796E+001  2.296240E+001 0 0
23 2150000000.0 -9.275282E+001 -2.337826E+001 0 0
24 2200000000.0 -9.684000E+001 -3.155040E+001 0 0
25 2250000000.0 -9.413847E+001 -1.107768E+002 0 0
26 2300000000.0 -9.839011E+001 -1.745281E+002 0 0
27 2350000000.0 -1.081517E+002 -3.642516E+001 0 0
28 2400000000.0 -1.046493E+002 -1.759065E+002 0 0
29 2450000000.0 -9.765800E+001  1.835717E+001 0 0
30 2500000000.0 -1.029976E+002 -2.668721E+001 0 0
31 2550000000.0 -9.846752E+001 -9.796198E+001 0 0
32 2600000000.0 -9.827901E+001 -9.046430E+001 0 0
33 2650000000.0 -1.017594E+002 -1.703805E+002 0 0
34 2700000000.0 -9.948090E+001  1.334604E+002 0 0
35 2750000000.0 -9.644229E+001  9.343160E+001 0 0
36 2800000000.0 -1.013711E+002  8.409046E+001 0 0
37 2850000000.0 -9.735504E+001  3.251675E+001 0 0
38 2900000000.0 -9.407071E+001  3.169629E+000 0 0
39 2950000000.0 -9.246376E+001 -3.542329E+001 0 0
40 3000000000.0 -9.057703E+001 -6.381905E+001 0 0
41 3050000000.0 -8.888205E+001 -1.051726E+002 0 0
42 3100000000.0 -8.818115E+001 -1.378469E+002 0 0
43 3150000000.0 -8.822213E+001 -1.575931E+002 0 0
44 3200000000.0 -8.623653E+001  1.491842E+002 0 0
45 3250000000.0 -8.759888E+001  1.235357E+002 0 0
46 3300000000.0 -8.607486E+001  1.108801E+002 0 0
47 3350000000.0 -8.552148E+001  7.270679E+001 0 0
48 3400000000.0 -8.551474E+001  4.919657E+001 0 0
49 3450000000.0 -8.678000E+001  1.548583E+001 0 0
50 3500000000.0 -8.379627E+001 -1.213920E+001 0 0
51 3550000000.0 -8.893115E+001 -4.098143E+001 0 0
52 3600000000.0 -8.890374E+001 -7.224400E+001 0 0
53 3650000000.0 -9.241621E+001 -1.403012E+002 0 0
54 3700000000.0 -9.829005E+001 -1.129098E+002 0 0
55 3750000000.0 -9.002532E+001 -1.411653E+002 0 0
56 3800000000.0 -9.055838E+001 -1.506488E+002 0 0
57 3850000000.0 -8.661668E+001 -1.598163E+002 0 0
58 3900000000.0 -9.313763E+001  1.374654E+002 0 0
59 3950000000.0 -8.607319E+001  1.305234E+002 0 0
60 4000000000.0 -8.560072E+001  9.262437E+001 0 0
61 4050000000.0 -8.946456E+001  5.468243E+001 0 0
62 4100000000.0 -8.779456E+001  3.715321E+001 0 0
63 4150000000.0 -8.760738E+001 -5.477949E+000 0 0
64 4200000000.0 -8.675877E+001 -3.681029E+001 0 0
65 4250000000.0 -8.503096E+001 -9.056918E+001 0 0
66 4300000000.0 -8.473470E+001 -4.478040E+001 0 0
67 4350000000.0 -8.458307E+001 -1.203671E+002 0 0
68 4400000000.0 -8.428321E+001 -1.486369E+002 0 0
69 4450000000.0 -8.340747E+001  1.510846E+002 0 0
70 4500000000.0 -8.552289E+001  1.015904E+002 0 0
71 4550000000.0 -9.130251E+001 -1.746453E+002 0 0
72 4600000000.0 -9.011113E+001  1.683213E+002 0 0
73 4650000000.0 -9.039817E+001  1.357031E+002 0 0
74 4700000000.0 -8.188130E+001  4.986779E+001 0 0
75 4750000000.0 -8.444779E+001  2.451828E+001 0 0
76 4800000000.0 -8.565872E+001 -1.268732E+000 0 0
77 4850000000.0 -8.601589E+001 -9.416544E+001 0 0
78 4900000000.0 -8.386666E+001 -1.237400E+002 0 0
79 4950000000.0 -8.380286E+001 -4.619538E+001 0 0
80 5000000000.0 -8.082861E+001 -1.608029E+002 0 0
81 5050000000.0 -8.323611E+001  1.946923E+001 0 0
82 5100000000.0 -7.665591E+001 -1.447402E+002 0 0
83 5150000000.0 -7.766904E+001  1.153062E+002 0 0
84 5200000000.0 -8.798105E+001 -1.098400E+001 0 0
85 5250000000.0 -7.916830E+001  1.243623E+002 0 0
86 5300000000.0 -7.546199E+001  2.439953E+001 0 0
87 5350000000.0 -8.542011E+001 -8.132626E+001 0 0
88 5400000000.0 -7.743171E+001  2.137314E+001 0 0
89 5450000000.0 -7.561884E+001 -8.729913E+001 0 0
90 5500000000.0 -8.174664E+001  4.857002E+001 0 0
91 5550000000.0 -7.617830E+001 -7.675777E+001 0 0
92 5600000000.0 -8.652605E+001 -1.442620E+002 0 0
93 5650000000.0 -8.010509E+001 -8.734824E+001 0 0
94 5700000000.0 -7.953610E+001 -1.666369E+002 0 0
95 5750000000.0 -8.218082E+001 -1.561257E+002 0 0
96 5800000000.0 -8.102203E+001  1.354206E+002 0 0
97 5850000000.0 -7.948302E+001  7.967241E+001 0 0
98 5900000000.0 -8.224526E+001  3.595623E+001 0 0
99 5950000000.0 -8.813125E+001 -2.414835E+001 0 0
100 6000000000.0 -8.254391E+001 -4.563088E+001 0 0
101 6050000000.0 -8.128757E+001 -9.663484E+001 0 0
102 6100000000.0 -8.349170E+001 -1.277598E+002 0 0
103 6150000000.0 -8.096394E+001 -1.559885E+002 0 0
104 6200000000.0 -8.276530E+001 -1.620754E+002 0 0
105 6250000000.0 -8.239498E+001  1.561360E+002 0 0
106 6300000000.0 -8.042007E+001  1.176214E+002 0 0
107 6350000000.0 -8.086066E+001  8.720467E+001 0 0
108 6400000000.0 -8.247632E+001  7.844424E+001 0 0
109 6450000000.0 -8.041100E+001  3.783605E+001 0 0
110 6500000000.0 -7.847749E+001  2.715827E+001 0 0
111 6550000000.0 -7.688674E+001 -1.110150E+001 0 0
112 6600000000.0 -7.800027E+001 -3.312114E+001 0 0
113 6650000000.0 -7.845718E+001 -6.148864E+001 0 0
114 6700000000.0 -7.696630E+001 -1.044314E+002 0 0
115 6750000000.0 -7.932864E+001 -1.351273E+002 0 0
116 6800000000.0 -7.908983E+001 -1.695033E+002 0 0
117 6850000000.0 -8.147308E+001  1.572132E+002 0 0
118 6900000000.0 -8.237807E+001  1.182739E+002 0 0
119 6950000000.0 -8.184346E+001  9.507177E+001 0 0
120 7000000000.0 -8.469967E+001  4.763059E+001 0 0
121 7050000000.0 -8.468159E+001  4.611953E+001 0 0
122 7100000000.0 -8.176799E+001 -1.944379E+001 0 0
123 7150000000.0 -8.476165E+001 -8.002505E+001 0 0
124 7200000000.0 -8.614810E+001 -8.370377E+001 0 0
125 7250000000.0 -8.493602E+001 -7.648471E+001 0 0
126 7300000000.0 -8.173230E+001 -1.202009E+002 0 0
127 7350000000.0 -8.201503E+001 -1.461944E+002 0 0
128 7400000000.0 -8.281513E+001 -1.791196E+002 0 0
129 7450000000.0 -7.870024E+001  1.648639E+002 0 0
130 7500000000.0 -7.889969E+001  1.280981E+002 0 0
131 7550000000.0 -7.957384E+001  9.986720E+001 0 0
132 7600000000.0 -7.941272E+001  7.673989E+001 0 0
133 7650000000.0 -7.909170E+001  2.573923E+001 0 0
134 7700000000.0 -8.327411E+001  1.654273E+001 0 0
135 7750000000.0 -7.930042E+001 -3.832945E+000 0 0
136 7800000000.0 -8.000557E+001 -6.150932E+001 0 0
137 7850000000.0 -8.367420E+001 -1.015385E+002 0 0
138 7900000000.0 -8.148473E+001 -1.710538E+002 0 0
139 7950000000.0 -9.061806E+001 -1.570037E+002 0 0
140 8000000000.0 -8.689212E+001  1.436870E+002 0 0
141 8050000000.0 -8.682182E+001 -5.442652E+001 0 0
142 8100000000.0 -8.356820E+001  3.901883E+001 0 0
143 8150000000.0 -8.451009E+001 -9.334030E+001 0 0
144 8200000000.0 -8.215156E+001 -3.556483E+001 0 0
145 8250000000.0 -8.299908E+001 -4.980011E+001 0 0
146 8300000000.0 -8.835391E+001 -7.245892E+001 0 0
147 8350000000.0 -8.353693E+001 -1.230244E+002 0 0
148 8400000000.0 -8.360648E+001 -2.636634E+001 0 0
149 8450000000.0 -8.664212E+001 -1.292726E+002 0 0
150 8500000000.0 -9.052122E+001 -1.537319E+002 0 0
151 8550000000.0 -8.772397E+001 -1.401532E+002 0 0
152 8600000000.0 -8.031529E+001 -1.705589E+002 0 0
153 8650000000.0 -7.770435E+001  1.108410E+002 0 0
154 8700000000.0 -8.413792E+001  1.244351E+002 0 0
155 8750000000.0 -8.666029E+001  5.566282E+001 0 0
156 8800000000.0 -8.424490E+001  1.106109E+002 0 0
157 8850000000.0 -9.478363E+001 -1.019696E+002 0 0
158 8900000000.0 -9.103499E+001 -6.808852E+001 0 0
159 8950000000.0 -9.427216E+001 -1.790152E+002 0 0
160 9000000000.0 -9.850136E+001  1.246927E+000 0 0
161 9050000000.0 -9.077523E+001  1.729113E+002 0 0
162 9100000000.0 -8.895276E+001 -1.969507E+001 0 0
163 9150000000.0 -9.633714E+001  1.549417E+001 0 0
164 9200000000.0 -9.740421E+001  2.290578E+000 0 0
165 9250000000.0 -8.942718E+001  1.485766E+002 0 0
166 9300000000.0 -9.201874E+001  1.781344E+002 0 0
167 9350000000.0 -8.377649E+001  1.662658E+002 0 0
168 9400000000.0 -8.560787E+001  9.038699E+001 0 0
169 9450000000.0 -8.524571E+001 -9.416195E+000 0 0
170 9500000000.0 -8.732338E+001 -6.078056E+000 0 0
171 9550000000.0 -8.679199E+001  3.938778E+001 0 0
172 9600000000.0 -8.337895E+001 -2.291400E+001 0 0
173 9650000000.0 -8.569290E+001 -1.614570E+001 0 0
174 9700000000.0 -8.506934E+001 -8.599777E+001 0 0
175 9750000000.0 -8.304219E+001 -1.213307E+002 0 0
176 9800000000.0 -8.305730E+001 -1.245430E+002 0 0
177 9850000000.0 -8.343266E+001 -1.596492E+002 0 0
178 9900000000.0 -8.101780E+001  1.784435E+002 0 0
179 9950000000.0 -7.902901E+001  1.430357E+002 0 0
180 10000000000.0 -8.165444E+001  1.053512E+002 0 0
181 10050000000.0 -8.156380E+001  5.928555E+001 0 0
182 10100000000.0 -8.139825E+001  2.278456E+001 0 0
183 10150000000.0 -8.411521E+001 -2.839284E+001 0 0
184 10200000000.0 -8.078055E+001 -4.472302E+001 0 0
185 10250000000.0 -8.795442E+001 -9.300443E+001 0 0
186 10300000000.0 -8.238553E+001 -1.179720E+002 0 0
187 10350000000.0 -8.664024E+001 -1.790264E+002 0 0
188 10400000000.0 -8.763332E+001  1.502362E+002 0 0
189 10450000000.0 -8.722318E+001  1.084712E+002 0 0
190 10500000000.0 -9.213876E+001  7.579562E+001 0 0
191 10550000000.0 -9.178230E+001  1.116724E+002 0 0
192 10600000000.0 -9.523975E+001  6.080625E+001 0 0
193 10650000000.0 -9.300999E+001 -2.357743E+001 0 0
194 10700000000.0 -9.098602E+001 -1.402279E+002 0 0
195 10750000000.0 -9.078416E+001  1.249860E+001 0 0
196 10800000000.0 -8.918747E+001 -1.156801E+002 0 0
197 10850000000.0 -1.001381E+002 -1.177008E+002 0 0
198 10900000000.0 -8.991765E+001 -1.391850E+002 0 0
199 10950000000.0 -8.614753E+001 -1.649244E+002 0 0
200 11000000000.0 -8.267606E+001  1.615065E+002 0 0
