0 1000000000.0 -8.582785E+001 -1.508012E+002 0 0
1 1050000000.0 -7.397563E+001  5.935608E+001 0 0
2 1100000000.0 -7.438956E+001 -2.059532E+001 0 0
3 1150000000.0 -6.918919E+001 -6.478403E+001 0 0
4 1200000000.0 -6.602821E+001 -1.188426E+002 0 0
5 1250000000.0 -6.768878E+001 -1.599359E+002 0 0
6 1300000000.0 -6.505002E+001 -1.748739E+002 0 0
7 1350000000.0 -6.024910E+001  1.676718E+002 0 0
8 1400000000.0 -5.673741E+001  1.180163E+002 0 0
9 1450000000.0 -5.786612E+001  6.960696E+001 0 0
10 1500000000.0 -5.766726E+001  2.856793E+001 0 0
11 1550000000.0 -6.070809E+001 -1.519656E+000 0 0
12 1600000000.0 -6.099628E+001 -2.312367E+001 0 0
13 1650000000.0 -6.010156E+001 -6.260321E+001 0 0
14 1700000000.0 -5.989674E+001 -9.261499E+001 0 0
15 1750000000.0 -6.161274E+001 -1.253402E+002 0 0
16 1800000000.0 -6.116998E+001 -1.789955E+002 0 0
17 1850000000.0 -6.433020E+001  1.332511E+002 0 0
18 1900000000.0 -6.351787E+001  6.328528E+001 0 0
19 1950000000.0 -6.391019E+001 -2.655326E+001 0 0
20 2000000000.0 -6.677634E+001 -9.639950E+001 0 0
21 2050000000.0 -6.713336E+001 -1.174050E+002 0 0
22 2100000000.0 -6.441985E+001  1.740412E+002 0 0
23 2150000000.0 -7.131804E+001  1.404456E+002 0 0
24 2200000000.0 -7.304537E+001  1.423111E+002 0 0
25 2250000000.0 -6.357248E+001  1.287822E+002 0 0
26 2300000000.0 -6.425417E+001  6.097225E+001 0 0
27 2350000000.0 -7.268343E+001  2.351634E+001 0 0
28 2400000000.0 -7.868032E+001  8.707014E+001 0 0
29 2450000000.0 -7.028214E+001  3.465033E+001 0 0
30 2500000000.0 -6.949223E+001  1.126657E+001 0 0
31 2550000000.0 -6.846461E+001 -2.443899E+001 0 0
32 2600000000.0 -6.865175E+001 -6.246662E+001 0 0
33 2650000000.0 -7.039027E+001 -8.583299E+001 0 0
34 2700000000.0 -7.079482E+001 -1.218926E+002 0 0
35 2750000000.0 -7.386378E+001 -1.652520E+002 0 0
36 2800000000.0 -7.555253E+001 -1.514629E+002 0 0
37 2850000000.0 -7.808616E+001 -1.444156E+002 0 0
38 2900000000.0 -8.919254E+001  1.541209E+002 0 0
39 2950000000.0 -8.045016E+001  1.642882E+002 0 0
40 3000000000.0 -7.401041E+001  1.772292E+002 0 0
41 3050000000.0 -7.080978E+001  1.324868E+002 0 0
42 3100000000.0 -7.266019E+001  7.462908E+001 0 0
43 3150000000.0 -7.016200E+001  5.874218E+001 0 0
44 3200000000.0 -6.957593E+001  1.198124E+001 0 0
45 3250000000.0 -6.728689E+001 -1.777922E+001 0 0
46 3300000000.0 -6.897054E+001 -5.401520E+001 0 0
47 3350000000.0 -6.891962E+001 -9.607748E+001 0 0
48 3400000000.0 -6.707462E+001 -1.245526E+002 0 0
49 3450000000.0 -6.924577E+001 -1.482626E+002 0 0
50 3500000000.0 -6.954793E+001 -1.744068E+002 0 0
51 3550000000.0 -6.763786E+001  1.608690E+002 0 0
52 3600000000.0 -6.795773E+001  1.358819E+002 0 0
53 3650000000.0 -6.677422E+001  1.168726E+002 0 0
54 3700000000.0 -6.772350E+001  8.409227E+001 0 0
55 3750000000.0 -6.655892E+001  8.062818E+001 0 0
56 3800000000.0 -6.643000E+001  5.153790E+001 0 0
57 3850000000.0 -6.774916E+001  2.416214E+001 0 0
58 3900000000.0 -6.612731E+001  1.545817E+000 0 0
59 3950000000.0 -6.576250E+001 -1.524643E+001 0 0
60 4000000000.0 -6.598288E+001 -4.107427E+001 0 0
61 4050000000.0 -6.788268E+001 -6.609117E+001 0 0
62 4100000000.0 -6.739934E+001 -8.747919E+001 0 0
63 4150000000.0 -6.708554E+001 -1.131978E+002 0 0
64 4200000000.0 -6.894479E+001 -1.417582E+002 0 0
65 4250000000.0 -6.962884E+001 -1.538236E+002 0 0
66 4300000000.0 -7.027925E+001 -1.762286E+002 0 0
67 4350000000.0 -7.060050E+001  1.771420E+002 0 0
68 4400000000.0 -7.037096E+001  1.369090E+002 0 0
69 4450000000.0 -7.205846E+001  1.223056E+002 0 0
70 4500000000.0 -7.173432E+001  1.030500E+002 0 0
71 4550000000.0 -7.373225E+001  8.111246E+001 0 0
72 4600000000.0 -7.474492E+001  4.982944E+001 0 0
73 4650000000.0 -7.541740E+001  3.173774E+001 0 0
74 4700000000.0 -7.486903E+001 -2.944045E+000 0 0
75 4750000000.0 -7.613747E+001 -2.420849E+001 0 0
76 4800000000.0 -7.632639E+001 -7.154377E+001 0 0
77 4850000000.0 -7.307388E+001 -1.069360E+002 0 0
78 4900000000.0 -7.686065E+001 -1.530754E+002 0 0
79 4950000000.0 -7.932485E+001 -1.455627E+002 0 0
80 5000000000.0 -7.550549E+001  1.736999E+002 0 0
81 5050000000.0 -7.930324E+001  1.002512E+002 0 0
82 5100000000.0 -7.405196E+001  1.626276E+002 0 0
83 5150000000.0 -7.173786E+001  9.396381E+001 0 0
84 5200000000.0 -7.726321E+001  4.893741E+001 0 0
85 5250000000.0 -7.273933E+001  9.107040E+001 0 0
86 5300000000.0 -7.029985E+001  2.586855E+001 0 0
87 5350000000.0 -7.439791E+001  6.894901E+000 0 0
88 5400000000.0 -6.804435E+001 -4.835607E+000 0 0
89 5450000000.0 -6.942456E+001 -5.836031E+001 0 0
90 5500000000.0 -7.161160E+001 -5.260134E+001 0 0
91 5550000000.0 -6.834689E+001 -9.556004E+001 0 0
92 5600000000.0 -7.006024E+001 -1.286271E+002 0 0
93 5650000000.0 -7.009461E+001 -1.385107E+002 0 0
94 5700000000.0 -6.876130E+001  1.753078E+002 0 0
95 5750000000.0 -6.920062E+001  1.435038E+002 0 0
96 5800000000.0 -6.830280E+001  1.116326E+002 0 0
97 5850000000.0 -6.920413E+001  6.829243E+001 0 0
98 5900000000.0 -6.917151E+001  3.345267E+001 0 0
99 5950000000.0 -6.867877E+001  1.188424E+001 0 0
100 6000000000.0 -6.770581E+001 -3.075803E+001 0 0
101 6050000000.0 -6.783282E+001 -6.213276E+001 0 0
102 6100000000.0 -7.025806E+001 -1.031299E+002 0 0
103 6150000000.0 -7.036632E+001 -1.353586E+002 0 0
104 6200000000.0 -7.070760E+001 -1.710424E+002 0 0
105 6250000000.0 -7.028483E+001  1.750874E+002 0 0
106 6300000000.0 -7.306596E+001  1.428091E+002 0 0
107 6350000000.0 -7.358665E+001  1.051275E+002 0 0
108 6400000000.0 -7.223302E+001  9.223253E+001 0 0
109 6450000000.0 -7.191538E+001  4.712883E+001 0 0
110 6500000000.0 -7.275067E+001  1.008517E+001 0 0
111 6550000000.0 -7.309318E+001 -1.099445E+001 0 0
112 6600000000.0 -7.239444E+001 -4.127907E+001 0 0
113 6650000000.0 -7.153138E+001 -7.112759E+001 0 0
114 6700000000.0 -7.166808E+001 -1.097499E+002 0 0
115 6750000000.0 -7.113184E+001 -1.384803E+002 0 0
116 6800000000.0 -7.117909E+001 -1.780226E+002 0 0
117 6850000000.0 -7.087968E+001  1.579653E+002 0 0
118 6900000000.0 -7.038634E+001  1.288858E+002 0 0
119 6950000000.0 -7.097265E+001  9.594299E+001 0 0
120 7000000000.0 -7.075914E+001  7.066042E+001 0 0
121 7050000000.0 -6.965512E+001  4.055421E+001 0 0
122 7100000000.0 -7.000107E+001  1.108330E+001 0 0
123 7150000000.0 -7.010602E+001 -2.623876E+001 0 0
124 7200000000.0 -6.936248E+001 -4.120232E+001 0 0
125 7250000000.0 -6.972337E+001 -7.431205E+001 0 0
126 7300000000.0 -6.968391E+001 -1.037566E+002 0 0
127 7350000000.0 -7.145419E+001 -1.322658E+002 0 0
128 7400000000.0 -7.179532E+001 -1.596798E+002 0 0
129 7450000000.0 -7.131604E+001  1.664157E+002 0 0
130 7500000000.0 -7.161275E+001  1.377930E+002 0 0
131 7550000000.0 -7.136054E+001  1.035297E+002 0 0
132 7600000000.0 -7.251593E+001  8.013492E+001 0 0
133 7650000000.0 -7.158127E+001  4.165605E+001 0 0
134 7700000000.0 -7.165376E+001  1.969641E+001 0 0
135 7750000000.0 -7.194738E+001 -5.887393E+000 0 0
136 7800000000.0 -7.036844E+001 -4.738961E+001 0 0
137 7850000000.0 -7.058704E+001 -6.711410E+001 0 0
138 7900000000.0 -7.037137E+001 -1.104266E+002 0 0
139 7950000000.0 -6.998450E+001 -1.484995E+002 0 0
140 8000000000.0 -7.092604E+001 -1.724434E+002 0 0
141 8050000000.0 -7.233827E+001  1.446202E+002 0 0
142 8100000000.0 -7.243266E+001  1.114824E+002 0 0
143 8150000000.0 -7.083440E+001  8.961951E+001 0 0
144 8200000000.0 -6.965021E+001  6.335948E+001 0 0
145 8250000000.0 -7.051341E+001  3.981116E+001 0 0
146 8300000000.0 -7.163925E+001  1.223936E+001 0 0
147 8350000000.0 -6.982182E+001 -2.356374E+001 0 0
148 8400000000.0 -7.077604E+001 -6.783864E+001 0 0
149 8450000000.0 -7.033243E+001 -8.032379E+001 0 0
150 8500000000.0 -7.078784E+001 -1.107127E+002 0 0
151 8550000000.0 -7.171815E+001 -1.639107E+002 0 0
152 8600000000.0 -7.082121E+001 -1.667421E+002 0 0
153 8650000000.0 -6.928601E+001  1.632351E+002 0 0
154 8700000000.0 -7.443291E+001  1.271486E+002 0 0
155 8750000000.0 -7.422936E+001  1.094005E+002 0 0
156 8800000000.0 -7.125159E+001  8.307612E+001 0 0
157 8850000000.0 -7.501646E+001  4.481360E+001 0 0
158 8900000000.0 -7.123161E+001  1.879500E+001 0 0
159 8950000000.0 -7.095727E+001 -1.948609E+001 0 0
160 9000000000.0 -7.233717E+001 -3.002529E+001 0 0
161 9050000000.0 -7.340524E+001 -6.317603E+001 0 0
162 9100000000.0 -7.441348E+001 -9.427469E+001 0 0
163 9150000000.0 -7.414454E+001 -1.330243E+002 0 0
164 9200000000.0 -7.880138E+001 -1.632273E+002 0 0
165 9250000000.0 -7.510209E+001  1.714668E+002 0 0
166 9300000000.0 -7.525050E+001  1.283321E+002 0 0
167 9350000000.0 -7.782388E+001  1.278145E+002 0 0
168 9400000000.0 -7.581941E+001  5.638346E+001 0 0
169 9450000000.0 -7.850437E+001  5.035035E+001 0 0
170 9500000000.0 -7.587613E+001  1.048053E+001 0 0
171 9550000000.0 -7.407088E+001 -1.604001E+001 0 0
172 9600000000.0 -7.461894E+001 -4.456355E+001 0 0
173 9650000000.0 -7.558595E+001 -7.917867E+001 0 0
174 9700000000.0 -7.175826E+001 -1.107338E+002 0 0
175 9750000000.0 -7.334071E+001 -1.396339E+002 0 0
176 9800000000.0 -7.017330E+001 -1.654783E+002 0 0
177 9850000000.0 -7.011919E+001  1.629345E+002 0 0
178 9900000000.0 -7.027934E+001  1.285456E+002 0 0
179 9950000000.0 -7.037698E+001  1.044529E+002 0 0
180 10000000000.0 -6.911423E+001  7.622602E+001 0 0
181 10050000000.0 -6.986667E+001  4.653914E+001 0 0
182 10100000000.0 -7.026750E+001  1.142055E+001 0 0
183 10150000000.0 -6.980959E+001 -1.166522E+001 0 0
184 10200000000.0 -6.877863E+001 -4.437673E+001 0 0
185 10250000000.0 -7.047253E+001 -7.786618E+001 0 0
186 10300000000.0 -7.051026E+001 -1.057201E+002 0 0
187 10350000000.0 -7.054294E+001 -1.305778E+002 0 0
188 10400000000.0 -7.266941E+001 -1.559572E+002 0 0
189 10450000000.0 -7.249728E+001  1.695591E+002 0 0
190 10500000000.0 -7.445420E+001  1.466440E+002 0 0
191 10550000000.0 -7.597964E+001  1.182697E+002 0 0
192 10600000000.0 -7.513538E+001  1.051955E+002 0 0
193 10650000000.0 -7.778673E+001  8.695034E+001 0 0
194 10700000000.0 -7.912074E+001  4.927650E+001 0 0
195 10750000000.0 -7.758026E+001  4.133893E+001 0 0
196 10800000000.0 -7.831654E+001  7.789631E+000 0 0
197 10850000000.0 -7.659430E+001 -9.878366E+000 0 0
198 10900000000.0 -7.828858E+001 -2.350545E+001 0 0
199 10950000000.0 -7.937390E+001 -6.237783E+001 0 0
200 11000000000.0 -7.898451E+001 -7.672583E+001 0 0
