0 1000000000.0 -7.690156E+001 -9.178897E+001 0 0
1 1050000000.0 -7.542817E+001 -1.243245E+002 0 0
2 1100000000.0 -7.398021E+001 -1.557915E+002 0 0
3 1150000000.0 -7.269207E+001  1.746940E+002 0 0
4 1200000000.0 -7.157832E+001  1.486948E+002 0 0
5 1250000000.0 -7.106060E+001  1.042813E+002 0 0
6 1300000000.0 -7.286764E+001  7.084948E+001 0 0
7 1350000000.0 -7.254562E+001  4.055243E+001 0 0
8 1400000000.0 -7.378674E+001  2.342688E+000 0 0
9 1450000000.0 -7.595268E+001 -3.047550E+001 0 0
10 1500000000.0 -7.691528E+001 -5.500504E+001 0 0
11 1550000000.0 -7.815160E+001 -9.594462E+001 0 0
12 1600000000.0 -7.686586E+001 -1.258452E+002 0 0
13 1650000000.0 -7.837230E+001  1.793516E+002 0 0
14 1700000000.0 -8.097025E+001  1.363000E+002 0 0
15 1750000000.0 -8.012231E+001  9.421333E+001 0 0
16 1800000000.0 -7.822841E+001  4.673063E+001 0 0
17 1850000000.0 -7.631001E+001 -8.117361E+000 0 0
18 1900000000.0 -7.599620E+001 -5.244917E+001 0 0
19 1950000000.0 -7.492616E+001 -1.021649E+002 0 0
20 2000000000.0 -7.767478E+001 -1.288084E+002 0 0
21 2050000000.0 -7.668383E+001 -1.787472E+002 0 0
22 2100000000.0 -7.902167E+001  1.382851E+002 0 0
23 2150000000.0 -7.837698E+001  1.101580E+002 0 0
24 2200000000.0 -8.093403E+001  7.544757E+001 0 0
25 2250000000.0 -8.238211E+001  4.785731E+001 0 0
26 2300000000.0 -8.592371E+001  2.084589E+000 0 0
27 2350000000.0 -8.655495E+001 -1.907530E+001 0 0
28 2400000000.0 -8.379230E+001 -3.591837E+001 0 0
29 2450000000.0 -8.286735E+001 -8.633057E+001 0 0
30 2500000000.0 -8.724988E+001 -1.493976E+002 0 0
31 2550000000.0 -9.138063E+001  1.727404E+002 0 0
32 2600000000.0 -8.618913E+001  1.545850E+002 0 0
33 2650000000.0 -8.326240E+001  1.054700E+002 0 0
34 2700000000.0 -8.320247E+001  5.872876E+001 0 0
35 2750000000.0 -8.487550E+001 -1.112915E+000 0 0
36 2800000000.0 -8.454234E+001 -4.393293E+001 0 0
37 2850000000.0 -8.072791E+001 -6.647491E+001 0 0
38 2900000000.0 -8.196270E+001 -1.268627E+002 0 0
39 2950000000.0 -8.283952E+001 -1.468792E+002 0 0
40 3000000000.0 -8.204449E+001  1.725792E+002 0 0
41 3050000000.0 -8.346594E+001  1.347880E+002 0 0
42 3100000000.0 -8.215340E+001  1.017507E+002 0 0
43 3150000000.0 -8.125026E+001  6.944363E+001 0 0
44 3200000000.0 -8.131084E+001  4.804203E+001 0 0
45 3250000000.0 -8.096280E+001  7.892707E+000 0 0
46 3300000000.0 -8.188931E+001 -2.155588E+001 0 0
47 3350000000.0 -8.312638E+001 -5.365415E+001 0 0
48 3400000000.0 -8.200166E+001 -9.993602E+001 0 0
49 3450000000.0 -8.117583E+001 -1.250402E+002 0 0
50 3500000000.0 -8.459035E+001 -1.613622E+002 0 0
51 3550000000.0 -8.211974E+001  1.774788E+002 0 0
52 3600000000.0 -8.061235E+001  1.081319E+002 0 0
53 3650000000.0 -8.436964E+001  7.106760E+001 0 0
54 3700000000.0 -8.531089E+001  3.244506E+001 0 0
55 3750000000.0 -8.793083E+001  2.502417E+001 0 0
56 3800000000.0 -9.352538E+001 -6.353025E+001 0 0
57 3850000000.0 -9.489439E+001 -1.719710E+002 0 0
58 3900000000.0 -8.740565E+001  1.088985E+002 0 0
59 3950000000.0 -8.683450E+001  9.082071E+001 0 0
60 4000000000.0 -8.178941E+001  3.705973E+001 0 0
61 4050000000.0 -8.180317E+001 -5.640532E+000 0 0
62 4100000000.0 -7.886440E+001 -3.620109E+001 0 0
63 4150000000.0 -7.963975E+001 -6.839409E+001 0 0
64 4200000000.0 -7.776826E+001 -8.664227E+001 0 0
65 4250000000.0 -7.796948E+001 -1.146199E+002 0 0
66 4300000000.0 -7.764997E+001 -1.469836E+002 0 0
67 4350000000.0 -7.736102E+001 -1.706039E+002 0 0
68 4400000000.0 -7.610807E+001  1.487161E+002 0 0
69 4450000000.0 -7.500294E+001  1.247998E+002 0 0
70 4500000000.0 -7.504260E+001  7.549582E+001 0 0
71 4550000000.0 -7.567332E+001  5.575460E+001 0 0
72 4600000000.0 -7.522240E+001  2.645943E+001 0 0
73 4650000000.0 -7.701858E+001 -1.249651E+001 0 0
74 4700000000.0 -7.643201E+001 -3.609411E+001 0 0
75 4750000000.0 -7.522414E+001 -6.218803E+001 0 0
76 4800000000.0 -7.441059E+001 -9.993804E+001 0 0
77 4850000000.0 -7.450220E+001 -1.281065E+002 0 0
78 4900000000.0 -7.458738E+001 -1.655512E+002 0 0
79 4950000000.0 -7.660110E+001 -1.747200E+002 0 0
80 5000000000.0 -7.195282E+001  1.545081E+002 0 0
81 5050000000.0 -7.468070E+001  9.150227E+001 0 0
82 5100000000.0 -7.688703E+001  1.227993E+002 0 0
83 5150000000.0 -7.112176E+001  6.641721E+001 0 0
84 5200000000.0 -7.413061E+001  1.011584E+001 0 0
85 5250000000.0 -7.535912E+001  4.513770E+001 0 0
86 5300000000.0 -7.024659E+001 -9.239749E+000 0 0
87 5350000000.0 -7.503969E+001 -5.835515E+001 0 0
88 5400000000.0 -7.282983E+001 -3.073093E+001 0 0
89 5450000000.0 -6.940145E+001 -1.006906E+002 0 0
90 5500000000.0 -7.939930E+001 -1.098333E+002 0 0
91 5550000000.0 -7.105291E+001 -1.258532E+002 0 0
92 5600000000.0 -7.300180E+001 -1.707761E+002 0 0
93 5650000000.0 -7.563403E+001 -1.774215E+002 0 0
94 5700000000.0 -7.238344E+001  1.389751E+002 0 0
95 5750000000.0 -7.398572E+001  1.066335E+002 0 0
96 5800000000.0 -7.374234E+001  8.132101E+001 0 0
97 5850000000.0 -7.349840E+001  4.588699E+001 0 0
98 5900000000.0 -7.352812E+001  1.258782E+001 0 0
99 5950000000.0 -7.343582E+001 -1.675977E+001 0 0
100 6000000000.0 -7.372680E+001 -4.788546E+001 0 0
101 6050000000.0 -7.392220E+001 -7.962077E+001 0 0
102 6100000000.0 -7.574426E+001 -1.054891E+002 0 0
103 6150000000.0 -7.610050E+001 -1.396613E+002 0 0
104 6200000000.0 -7.495144E+001 -1.639007E+002 0 0
105 6250000000.0 -7.739706E+001  1.672613E+002 0 0
106 6300000000.0 -7.576585E+001  1.431285E+002 0 0
107 6350000000.0 -7.613272E+001  1.054826E+002 0 0
108 6400000000.0 -7.720725E+001  8.495335E+001 0 0
109 6450000000.0 -7.626956E+001  5.533377E+001 0 0
110 6500000000.0 -7.562472E+001  2.937600E+001 0 0
111 6550000000.0 -7.738188E+001 -5.975164E+000 0 0
112 6600000000.0 -7.710736E+001 -4.157877E+001 0 0
113 6650000000.0 -7.859053E+001 -6.036544E+001 0 0
114 6700000000.0 -7.856876E+001 -9.317573E+001 0 0
115 6750000000.0 -7.788512E+001 -1.293450E+002 0 0
116 6800000000.0 -7.960604E+001 -1.670538E+002 0 0
117 6850000000.0 -8.257432E+001  1.612314E+002 0 0
118 6900000000.0 -7.850679E+001  1.353755E+002 0 0
119 6950000000.0 -8.033508E+001  8.786479E+001 0 0
120 7000000000.0 -8.036177E+001  6.912872E+001 0 0
121 7050000000.0 -7.968140E+001  3.985888E+001 0 0
122 7100000000.0 -7.915310E+001 -5.350654E+000 0 0
123 7150000000.0 -8.142746E+001 -3.474011E+001 0 0
124 7200000000.0 -8.613305E+001 -6.310167E+001 0 0
125 7250000000.0 -8.240738E+001 -7.661610E+001 0 0
126 7300000000.0 -8.024966E+001 -1.322649E+002 0 0
127 7350000000.0 -8.181038E+001  1.681572E+002 0 0
128 7400000000.0 -8.171769E+001  1.529735E+002 0 0
129 7450000000.0 -8.386610E+001  1.355443E+002 0 0
130 7500000000.0 -8.285278E+001  7.511083E+001 0 0
131 7550000000.0 -8.381844E+001  5.668699E+001 0 0
132 7600000000.0 -8.001138E+001  2.788463E+001 0 0
133 7650000000.0 -7.848113E+001 -5.552076E+000 0 0
134 7700000000.0 -8.124969E+001 -4.315006E+001 0 0
135 7750000000.0 -8.200125E+001 -3.195438E+001 0 0
136 7800000000.0 -7.624304E+001 -8.061004E+001 0 0
137 7850000000.0 -7.668413E+001 -9.809845E+001 0 0
138 7900000000.0 -7.729840E+001 -1.297841E+002 0 0
139 7950000000.0 -7.895141E+001 -1.398664E+002 0 0
140 8000000000.0 -7.558746E+001 -1.754190E+002 0 0
141 8050000000.0 -7.628535E+001  1.646307E+002 0 0
142 8100000000.0 -8.184323E+001  1.042526E+002 0 0
143 8150000000.0 -7.742543E+001  1.107786E+002 0 0
144 8200000000.0 -7.777940E+001  8.222242E+001 0 0
145 8250000000.0 -8.021859E+001  1.918052E+001 0 0
146 8300000000.0 -7.827984E+001  2.198943E+001 0 0
147 8350000000.0 -7.647704E+001 -1.896613E+001 0 0
148 8400000000.0 -8.092621E+001 -1.325401E+001 0 0
149 8450000000.0 -7.943950E+001 -4.648053E+001 0 0
150 8500000000.0 -7.636172E+001 -7.861771E+001 0 0
151 8550000000.0 -7.824796E+001 -1.304960E+002 0 0
152 8600000000.0 -7.716631E+001 -1.348935E+002 0 0
153 8650000000.0 -7.424496E+001 -1.442355E+002 0 0
154 8700000000.0 -7.521249E+001 -1.415404E+002 0 0
155 8750000000.0 -7.091846E+001 -1.784909E+002 0 0
156 8800000000.0 -7.303135E+001  1.493092E+002 0 0
157 8850000000.0 -7.715247E+001 -1.792475E+002 0 0
158 8900000000.0 -7.427399E+001  1.348012E+002 0 0
159 8950000000.0 -7.843256E+001  9.988950E+001 0 0
160 9000000000.0 -7.430547E+001  9.686081E+001 0 0
161 9050000000.0 -7.505812E+001  8.757732E+001 0 0
162 9100000000.0 -7.896131E+001  9.009090E+001 0 0
163 9150000000.0 -7.517705E+001  5.679080E+001 0 0
164 9200000000.0 -7.720630E+001  3.997812E+001 0 0
165 9250000000.0 -8.129062E+001  3.733461E+001 0 0
166 9300000000.0 -7.681699E+001  2.651258E+001 0 0
167 9350000000.0 -8.037498E+001  1.319009E+001 0 0
168 9400000000.0 -7.871955E+001  1.333311E+001 0 0
169 9450000000.0 -7.889268E+001  5.763489E+000 0 0
170 9500000000.0 -7.887021E+001  4.750930E+000 0 0
171 9550000000.0 -7.853623E+001  8.638531E-002 0 0
172 9600000000.0 -8.496873E+001  1.439739E+001 0 0
173 9650000000.0 -7.953994E+001 -2.718601E+001 0 0
174 9700000000.0 -8.466323E+001 -1.633735E+001 0 0
175 9750000000.0 -8.194825E+001 -4.405370E+001 0 0
176 9800000000.0 -7.840057E+001 -2.700790E+001 0 0
177 9850000000.0 -7.931820E+001 -4.770644E+001 0 0
178 9900000000.0 -7.576436E+001 -5.797979E+001 0 0
179 9950000000.0 -7.818610E+001 -6.782475E+001 0 0
180 10000000000.0 -7.742554E+001 -8.674335E+001 0 0
181 10050000000.0 -7.775268E+001 -1.036340E+002 0 0
182 10100000000.0 -7.488831E+001 -1.196857E+002 0 0
183 10150000000.0 -7.783097E+001 -1.303380E+002 0 0
184 10200000000.0 -8.078025E+001 -1.547016E+002 0 0
185 10250000000.0 -7.911125E+001 -1.453553E+002 0 0
186 10300000000.0 -7.781524E+001 -1.765942E+002 0 0
187 10350000000.0 -7.868089E+001 -1.695388E+002 0 0
188 10400000000.0 -7.686965E+001  1.711611E+002 0 0
189 10450000000.0 -7.868246E+001  1.665732E+002 0 0
190 10500000000.0 -7.841649E+001  1.412561E+002 0 0
191 10550000000.0 -7.880205E+001  1.494380E+002 0 0
192 10600000000.0 -7.844853E+001  1.525488E+002 0 0
193 10650000000.0 -7.899423E+001  1.161929E+002 0 0
194 10700000000.0 -8.145897E+001  1.095613E+002 0 0
195 10750000000.0 -8.131242E+001  1.251494E+002 0 0
196 10800000000.0 -8.060767E+001  7.346475E+001 0 0
197 10850000000.0 -8.214283E+001  1.046528E+002 0 0
198 10900000000.0 -8.180618E+001  8.096662E+001 0 0
199 10950000000.0 -8.530905E+001  4.256217E+001 0 0
200 11000000000.0 -8.151925E+001  2.188483E+001 0 0
