0 1000000000.0 -7.935815E+001  9.501819E+001 0 0
1 1050000000.0 -7.958108E+001  6.554585E+001 0 0
2 1100000000.0 -7.661715E+001  3.586676E+001 0 0
3 1150000000.0 -7.253196E+001 -1.807931E+000 0 0
4 1200000000.0 -7.269351E+001 -3.883998E+001 0 0
5 1250000000.0 -7.133350E+001 -6.817864E+001 0 0
6 1300000000.0 -6.858204E+001 -9.980086E+001 0 0
7 1350000000.0 -6.607304E+001 -1.380239E+002 0 0
8 1400000000.0 -6.488374E+001  1.593138E+002 0 0
9 1450000000.0 -7.260431E+001  1.273969E+002 0 0
10 1500000000.0 -7.238964E+001  1.416874E+002 0 0
11 1550000000.0 -6.979037E+001  1.252900E+002 0 0
12 1600000000.0 -6.757212E+001  9.186071E+001 0 0
13 1650000000.0 -6.536716E+001  7.427557E+001 0 0
14 1700000000.0 -6.504992E+001  9.975027E+000 0 0
15 1750000000.0 -6.703172E+001 -2.434251E+001 0 0
16 1800000000.0 -6.927007E+001 -7.293935E+001 0 0
17 1850000000.0 -7.402763E+001 -9.203358E+001 0 0
18 1900000000.0 -9.456288E+001  1.683354E+002 0 0
19 1950000000.0 -7.834007E+001 -3.792943E+001 0 0
20 2000000000.0 -7.330001E+001 -6.904453E+001 0 0
21 2050000000.0 -7.260204E+001 -1.062722E+002 0 0
22 2100000000.0 -7.657536E+001 -1.615220E+002 0 0
23 2150000000.0 -8.088672E+001 -1.315504E+002 0 0
24 2200000000.0 -7.535448E+001 -1.284193E+002 0 0
25 2250000000.0 -7.190978E+001  1.684091E+002 0 0
26 2300000000.0 -7.647946E+001  1.215660E+002 0 0
27 2350000000.0 -8.270600E+001  1.511941E+002 0 0
28 2400000000.0 -7.658656E+001  1.506131E+002 0 0
29 2450000000.0 -7.161494E+001  1.071258E+002 0 0
30 2500000000.0 -7.080901E+001  4.863883E+001 0 0
31 2550000000.0 -7.742227E+001  2.531548E+000 0 0
32 2600000000.0 -8.681371E+001  5.445750E+000 0 0
33 2650000000.0 -8.072641E+001 -2.017123E+001 0 0
34 2700000000.0 -8.269543E+001 -1.735222E+001 0 0
35 2750000000.0 -7.612441E+001 -6.630787E+001 0 0
36 2800000000.0 -7.822511E+001 -1.186792E+002 0 0
37 2850000000.0 -7.938468E+001 -1.543670E+002 0 0
38 2900000000.0 -9.822575E+001 -1.709936E+002 0 0
39 2950000000.0 -8.380389E+001 -1.699518E+002 0 0
40 3000000000.0 -8.133514E+001  1.730499E+002 0 0
41 3050000000.0 -8.347581E+001  1.332402E+002 0 0
42 3100000000.0 -9.119744E+001  1.034468E+002 0 0
43 3150000000.0 -8.256893E+001  1.642648E+002 0 0
44 3200000000.0 -7.894780E+001  1.199948E+002 0 0
45 3250000000.0 -7.869547E+001  8.030768E+001 0 0
46 3300000000.0 -7.605395E+001  5.316120E+001 0 0
47 3350000000.0 -7.502589E+001  3.232946E+001 0 0
48 3400000000.0 -7.317861E+001  3.986475E+000 0 0
49 3450000000.0 -7.405525E+001 -1.463978E+001 0 0
50 3500000000.0 -7.260657E+001 -4.044370E+001 0 0
51 3550000000.0 -7.253104E+001 -7.453303E+001 0 0
52 3600000000.0 -7.249038E+001 -1.027170E+002 0 0
53 3650000000.0 -7.352832E+001 -1.236612E+002 0 0
54 3700000000.0 -7.632046E+001 -1.462273E+002 0 0
55 3750000000.0 -7.597589E+001 -1.562625E+002 0 0
56 3800000000.0 -7.812936E+001  1.711772E+002 0 0
57 3850000000.0 -7.706767E+001 -1.769664E+002 0 0
58 3900000000.0 -7.893850E+001  1.730276E+002 0 0
59 3950000000.0 -7.499676E+001  1.575200E+002 0 0
60 4000000000.0 -7.500571E+001  1.399823E+002 0 0
61 4050000000.0 -7.288383E+001  1.181919E+002 0 0
62 4100000000.0 -7.178107E+001  9.226388E+001 0 0
63 4150000000.0 -7.089541E+001  6.306739E+001 0 0
64 4200000000.0 -7.105745E+001  3.461874E+001 0 0
65 4250000000.0 -7.127184E+001  5.864069E+000 0 0
66 4300000000.0 -7.099657E+001 -2.158557E+001 0 0
67 4350000000.0 -7.131456E+001 -5.260687E+001 0 0
68 4400000000.0 -7.198793E+001 -7.349503E+001 0 0
69 4450000000.0 -7.142252E+001 -1.036830E+002 0 0
70 4500000000.0 -7.289079E+001 -1.187327E+002 0 0
71 4550000000.0 -7.234338E+001 -1.596764E+002 0 0
72 4600000000.0 -7.162110E+001  1.714060E+002 0 0
73 4650000000.0 -7.180398E+001  1.393631E+002 0 0
74 4700000000.0 -7.239674E+001  1.110886E+002 0 0
75 4750000000.0 -7.220741E+001  8.522903E+001 0 0
76 4800000000.0 -7.112056E+001  5.639239E+001 0 0
77 4850000000.0 -7.105414E+001  2.660780E+001 0 0
78 4900000000.0 -7.244392E+001  3.985050E+000 0 0
79 4950000000.0 -7.080020E+001 -1.930996E+001 0 0
80 5000000000.0 -7.486871E+001 -6.321061E+001 0 0
81 5050000000.0 -7.231530E+001 -4.756290E+001 0 0
82 5100000000.0 -7.070958E+001 -1.108154E+002 0 0
83 5150000000.0 -7.781905E+001 -1.332941E+002 0 0
84 5200000000.0 -7.343455E+001 -1.179075E+002 0 0
85 5250000000.0 -7.307414E+001 -1.668761E+002 0 0
86 5300000000.0 -8.059805E+001  1.497379E+002 0 0
87 5350000000.0 -7.325345E+001  1.670686E+002 0 0
88 5400000000.0 -7.457616E+001  8.201308E+001 0 0
89 5450000000.0 -8.022862E+001  1.402514E+002 0 0
90 5500000000.0 -7.228960E+001  6.498669E+001 0 0
91 5550000000.0 -8.365868E+001 -1.470629E+000 0 0
92 5600000000.0 -8.025971E+001  4.160634E+001 0 0
93 5650000000.0 -7.701874E+001 -2.765185E+001 0 0
94 5700000000.0 -8.225646E+001 -5.763865E+001 0 0
95 5750000000.0 -7.848262E+001 -7.626891E+001 0 0
96 5800000000.0 -8.350162E+001 -1.333329E+002 0 0
97 5850000000.0 -8.200842E+001 -1.333545E+002 0 0
98 5900000000.0 -7.956190E+001 -1.722018E+002 0 0
99 5950000000.0 -7.738242E+001  1.412427E+002 0 0
100 6000000000.0 -7.780610E+001  8.365240E+001 0 0
101 6050000000.0 -7.936330E+001  5.443670E+001 0 0
102 6100000000.0 -8.087414E+001  1.565979E+001 0 0
103 6150000000.0 -7.990424E+001  1.521937E+001 0 0
104 6200000000.0 -7.592805E+001 -1.894327E+001 0 0
105 6250000000.0 -7.455562E+001 -7.149791E+001 0 0
106 6300000000.0 -7.732678E+001 -9.517635E+001 0 0
107 6350000000.0 -7.695879E+001 -1.165937E+002 0 0
108 6400000000.0 -7.644135E+001 -1.411417E+002 0 0
109 6450000000.0 -7.454814E+001 -1.752946E+002 0 0
110 6500000000.0 -7.268922E+001  1.531589E+002 0 0
111 6550000000.0 -7.361584E+001  1.256127E+002 0 0
112 6600000000.0 -7.797311E+001  1.000619E+002 0 0
113 6650000000.0 -7.603943E+001  9.022837E+001 0 0
114 6700000000.0 -7.445213E+001  5.283791E+001 0 0
115 6750000000.0 -7.617751E+001  1.302926E+001 0 0
116 6800000000.0 -7.618291E+001 -1.472035E+001 0 0
117 6850000000.0 -7.801738E+001 -5.003285E+001 0 0
118 6900000000.0 -7.828830E+001 -7.815661E+001 0 0
119 6950000000.0 -7.860501E+001 -1.117502E+002 0 0
120 7000000000.0 -7.896448E+001 -1.380811E+002 0 0
121 7050000000.0 -7.873727E+001  1.629209E+002 0 0
122 7100000000.0 -8.006149E+001  1.395558E+002 0 0
123 7150000000.0 -7.911882E+001  1.186443E+002 0 0
124 7200000000.0 -7.855529E+001  8.471698E+001 0 0
125 7250000000.0 -7.973292E+001  2.899995E+001 0 0
126 7300000000.0 -8.015270E+001  4.590573E-003 0 0
127 7350000000.0 -8.260856E+001 -7.520662E+000 0 0
128 7400000000.0 -8.259949E+001 -4.327925E+001 0 0
129 7450000000.0 -8.492119E+001 -5.687347E+001 0 0
130 7500000000.0 -8.700950E+001 -8.817144E+001 0 0
131 7550000000.0 -8.457172E+001 -1.020773E+002 0 0
132 7600000000.0 -8.891563E+001  1.687196E+002 0 0
133 7650000000.0 -1.045140E+002  5.370522E+001 0 0
134 7700000000.0 -9.893380E+001 -1.772578E+002 0 0
135 7750000000.0 -8.332901E+001  8.413156E+000 0 0
136 7800000000.0 -8.451944E+001 -4.201171E+001 0 0
137 7850000000.0 -8.813509E+001 -9.416742E+001 0 0
138 7900000000.0 -8.148195E+001 -1.380164E+002 0 0
139 7950000000.0 -8.836784E+001 -1.377550E+002 0 0
140 8000000000.0 -7.665807E+001  1.762727E+002 0 0
141 8050000000.0 -8.087086E+001 -1.556753E+002 0 0
142 8100000000.0 -8.201933E+001  1.420884E+002 0 0
143 8150000000.0 -7.955437E+001  7.565345E+001 0 0
144 8200000000.0 -7.544295E+001  9.662238E+001 0 0
145 8250000000.0 -7.787612E+001  3.981081E+001 0 0
146 8300000000.0 -7.832458E+001  6.532269E+001 0 0
147 8350000000.0 -8.202572E+001  3.860679E+001 0 0
148 8400000000.0 -7.545372E+001  1.627284E+000 0 0
149 8450000000.0 -7.344593E+001 -3.618982E+001 0 0
150 8500000000.0 -7.677716E+001 -7.176774E+001 0 0
151 8550000000.0 -8.669281E+001 -5.194738E+001 0 0
152 8600000000.0 -7.431438E+001 -1.044758E+002 0 0
153 8650000000.0 -7.551051E+001 -1.385853E+002 0 0
154 8700000000.0 -7.861520E+001 -1.538737E+002 0 0
155 8750000000.0 -7.737105E+001 -1.770710E+002 0 0
156 8800000000.0 -7.779237E+001  1.253033E+002 0 0
157 8850000000.0 -8.456871E+001  6.847674E+001 0 0
158 8900000000.0 -7.976217E+001  1.050425E+002 0 0
159 8950000000.0 -9.356057E+001 -9.962303E+001 0 0
160 9000000000.0 -8.285970E+001  5.561464E+001 0 0
161 9050000000.0 -7.793067E+001  6.114587E+001 0 0
162 9100000000.0 -7.974297E+001  3.737954E+000 0 0
163 9150000000.0 -8.584218E+001 -7.079914E+001 0 0
164 9200000000.0 -9.928369E+001 -1.093575E+002 0 0
165 9250000000.0 -8.580478E+001  1.398772E+002 0 0
166 9300000000.0 -8.446451E+001  1.028960E+002 0 0
167 9350000000.0 -9.214439E+001  1.228055E+002 0 0
168 9400000000.0 -8.066573E+001  6.923663E+001 0 0
169 9450000000.0 -8.040498E+001  4.394048E+001 0 0
170 9500000000.0 -8.185072E+001  1.664672E+000 0 0
171 9550000000.0 -8.011935E+001 -4.423649E+001 0 0
172 9600000000.0 -7.846714E+001 -6.863646E+001 0 0
173 9650000000.0 -7.998957E+001 -8.032612E+001 0 0
174 9700000000.0 -8.131612E+001 -1.074109E+002 0 0
175 9750000000.0 -7.969079E+001 -1.197708E+002 0 0
176 9800000000.0 -7.622559E+001 -1.415672E+002 0 0
177 9850000000.0 -7.429618E+001  1.794058E+002 0 0
178 9900000000.0 -7.457394E+001  1.434296E+002 0 0
179 9950000000.0 -7.516620E+001  8.630445E+001 0 0
180 10000000000.0 -7.645997E+001  1.047508E+002 0 0
181 10050000000.0 -8.098302E+001  4.770462E+001 0 0
182 10100000000.0 -7.079893E+001  2.224702E+001 0 0
183 10150000000.0 -7.197692E+001 -2.558118E+001 0 0
184 10200000000.0 -7.397134E+001 -7.158016E+001 0 0
185 10250000000.0 -7.322331E+001 -9.936093E+001 0 0
186 10300000000.0 -7.062981E+001 -1.121832E+002 0 0
187 10350000000.0 -7.311612E+001 -1.558128E+002 0 0
188 10400000000.0 -6.888232E+001  1.689413E+002 0 0
189 10450000000.0 -7.031183E+001  1.311525E+002 0 0
190 10500000000.0 -7.199620E+001  8.922565E+001 0 0
191 10550000000.0 -7.448030E+001  6.322051E+001 0 0
192 10600000000.0 -7.192496E+001  1.644195E+001 0 0
193 10650000000.0 -7.836512E+001  1.503205E+001 0 0
194 10700000000.0 -7.595010E+001 -4.954893E+001 0 0
195 10750000000.0 -7.407477E+001 -1.167455E+002 0 0
196 10800000000.0 -8.062996E+001  1.013055E+002 0 0
197 10850000000.0 -7.686837E+001  1.051646E+002 0 0
198 10900000000.0 -8.540849E+001  7.110558E+001 0 0
199 10950000000.0 -8.253693E+001  5.430928E+001 0 0
200 11000000000.0 -8.066412E+001 -1.711105E+001 0 0
