0 1000000000.0 -8.063159E+001  1.318664E+001 0 0
1 1050000000.0 -8.230415E+001 -1.090175E+001 0 0
2 1100000000.0 -7.684512E+001 -7.087084E+001 0 0
3 1150000000.0 -7.883178E+001 -1.219272E+002 0 0
4 1200000000.0 -8.082103E+001 -1.601079E+002 0 0
5 1250000000.0 -8.050713E+001  1.759450E+002 0 0
6 1300000000.0 -7.605346E+001  1.317862E+002 0 0
7 1350000000.0 -7.662858E+001  7.006253E+001 0 0
8 1400000000.0 -7.852908E+001  1.894982E+001 0 0
9 1450000000.0 -7.966989E+001 -1.505386E+000 0 0
10 1500000000.0 -7.706870E+001 -2.655942E+001 0 0
11 1550000000.0 -7.676047E+001 -5.638404E+001 0 0
12 1600000000.0 -7.656722E+001 -9.404962E+001 0 0
13 1650000000.0 -7.725762E+001 -1.102480E+002 0 0
14 1700000000.0 -7.406622E+001 -1.313483E+002 0 0
15 1750000000.0 -7.235520E+001 -1.754943E+002 0 0
16 1800000000.0 -7.094794E+001  1.558494E+002 0 0
17 1850000000.0 -6.986343E+001  1.142136E+002 0 0
18 1900000000.0 -6.839143E+001  8.023408E+001 0 0
19 1950000000.0 -6.731788E+001  4.397867E+001 0 0
20 2000000000.0 -6.739365E+001  4.191598E+000 0 0
21 2050000000.0 -6.761467E+001 -4.578817E+001 0 0
22 2100000000.0 -6.816594E+001 -7.896917E+001 0 0
23 2150000000.0 -6.909633E+001 -1.221904E+002 0 0
24 2200000000.0 -7.098477E+001 -1.596253E+002 0 0
25 2250000000.0 -7.295863E+001  1.656582E+002 0 0
26 2300000000.0 -7.536939E+001  1.456176E+002 0 0
27 2350000000.0 -7.651733E+001  1.147340E+002 0 0
28 2400000000.0 -7.908518E+001  9.608811E+001 0 0
29 2450000000.0 -7.815677E+001  5.661880E+001 0 0
30 2500000000.0 -8.508200E+001  2.476639E+001 0 0
31 2550000000.0 -8.332627E+001  5.692221E+001 0 0
32 2600000000.0 -8.324387E+001  2.036686E+001 0 0
33 2650000000.0 -8.388149E+001  8.728607E+000 0 0
34 2700000000.0 -8.640999E+001  2.052565E+001 0 0
35 2750000000.0 -7.902079E+001 -1.476325E+001 0 0
36 2800000000.0 -7.968774E+001 -4.073697E+001 0 0
37 2850000000.0 -7.915189E+001 -6.645650E+001 0 0
38 2900000000.0 -7.751386E+001 -1.011480E+002 0 0
39 2950000000.0 -7.585645E+001 -1.427898E+002 0 0
40 3000000000.0 -7.561059E+001 -1.725004E+002 0 0
41 3050000000.0 -7.534274E+001  1.542802E+002 0 0
42 3100000000.0 -7.471687E+001  1.340877E+002 0 0
43 3150000000.0 -7.471113E+001  9.387339E+001 0 0
44 3200000000.0 -7.474441E+001  6.409914E+001 0 0
45 3250000000.0 -7.500369E+001  2.886747E+001 0 0
46 3300000000.0 -7.567857E+001  1.710711E+000 0 0
47 3350000000.0 -7.351030E+001 -3.261201E+001 0 0
48 3400000000.0 -7.399016E+001 -5.790190E+001 0 0
49 3450000000.0 -7.394833E+001 -9.206104E+001 0 0
50 3500000000.0 -7.410835E+001 -1.210968E+002 0 0
51 3550000000.0 -7.536339E+001 -1.457952E+002 0 0
52 3600000000.0 -7.586546E+001  1.686969E+002 0 0
53 3650000000.0 -7.372128E+001  1.465096E+002 0 0
54 3700000000.0 -7.600822E+001  1.173256E+002 0 0
55 3750000000.0 -7.662255E+001  1.020289E+002 0 0
56 3800000000.0 -7.630058E+001  6.593104E+001 0 0
57 3850000000.0 -7.531129E+001  5.777500E+001 0 0
58 3900000000.0 -7.607220E+001  2.747622E+001 0 0
59 3950000000.0 -7.517665E+001 -2.788322E+000 0 0
60 4000000000.0 -7.635255E+001 -4.239732E+001 0 0
61 4050000000.0 -7.758521E+001 -7.550162E+001 0 0
62 4100000000.0 -7.597530E+001 -9.999249E+001 0 0
63 4150000000.0 -7.510326E+001 -1.351304E+002 0 0
64 4200000000.0 -7.820078E+001 -1.568083E+002 0 0
65 4250000000.0 -7.997721E+001  1.670669E+002 0 0
66 4300000000.0 -7.800349E+001  1.453878E+002 0 0
67 4350000000.0 -7.811214E+001  1.302485E+002 0 0
68 4400000000.0 -8.038216E+001  9.640510E+001 0 0
69 4450000000.0 -7.962431E+001  7.137135E+001 0 0
70 4500000000.0 -7.687791E+001  5.493035E+001 0 0
71 4550000000.0 -7.890015E+001  1.733414E+001 0 0
72 4600000000.0 -7.664095E+001 -1.707713E+001 0 0
73 4650000000.0 -7.695267E+001 -4.900456E+001 0 0
74 4700000000.0 -7.949080E+001 -6.490103E+001 0 0
75 4750000000.0 -7.783971E+001 -9.927039E+001 0 0
76 4800000000.0 -7.336203E+001 -1.321776E+002 0 0
77 4850000000.0 -7.602900E+001 -1.552056E+002 0 0
78 4900000000.0 -7.374111E+001  1.617392E+002 0 0
79 4950000000.0 -7.936347E+001  1.394965E+002 0 0
80 5000000000.0 -7.405370E+001  1.321831E+002 0 0
81 5050000000.0 -7.315367E+001  6.284121E+001 0 0
82 5100000000.0 -8.189757E+001  6.619502E+001 0 0
83 5150000000.0 -7.327921E+001  3.885686E+001 0 0
84 5200000000.0 -7.142812E+001 -2.556055E+001 0 0
85 5250000000.0 -7.927763E+001 -4.172609E+001 0 0
86 5300000000.0 -7.160287E+001 -3.522910E+001 0 0
87 5350000000.0 -7.167731E+001 -1.096810E+002 0 0
88 5400000000.0 -7.819859E+001 -1.063189E+002 0 0
89 5450000000.0 -6.970401E+001 -1.426254E+002 0 0
90 5500000000.0 -7.352715E+001  1.399240E+002 0 0
91 5550000000.0 -7.548969E+001  1.614143E+002 0 0
92 5600000000.0 -7.073197E+001  1.135277E+002 0 0
93 5650000000.0 -7.440552E+001  7.297971E+001 0 0
94 5700000000.0 -7.292367E+001  5.445104E+001 0 0
95 5750000000.0 -7.179754E+001  1.524748E+001 0 0
96 5800000000.0 -7.084700E+001 -8.742498E+000 0 0
97 5850000000.0 -7.058170E+001 -4.091833E+001 0 0
98 5900000000.0 -6.947089E+001 -7.873612E+001 0 0
99 5950000000.0 -6.949157E+001 -1.200381E+002 0 0
100 6000000000.0 -6.977072E+001 -1.501061E+002 0 0
101 6050000000.0 -6.984088E+001  1.781486E+002 0 0
102 6100000000.0 -7.023576E+001  1.398351E+002 0 0
103 6150000000.0 -7.089888E+001  1.078595E+002 0 0
104 6200000000.0 -7.155811E+001  7.389440E+001 0 0
105 6250000000.0 -7.252338E+001  5.439550E+001 0 0
106 6300000000.0 -7.243442E+001  2.581529E+001 0 0
107 6350000000.0 -7.046548E+001 -7.747189E+000 0 0
108 6400000000.0 -7.208137E+001 -2.959940E+001 0 0
109 6450000000.0 -7.303477E+001 -6.711794E+001 0 0
110 6500000000.0 -7.271136E+001 -7.875488E+001 0 0
111 6550000000.0 -7.178058E+001 -1.069971E+002 0 0
112 6600000000.0 -7.205211E+001 -1.465645E+002 0 0
113 6650000000.0 -7.108006E+001  1.797229E+002 0 0
114 6700000000.0 -7.227706E+001  1.495794E+002 0 0
115 6750000000.0 -7.144967E+001  1.198538E+002 0 0
116 6800000000.0 -7.111175E+001  8.359539E+001 0 0
117 6850000000.0 -7.163623E+001  5.781279E+001 0 0
118 6900000000.0 -7.170846E+001  3.423613E+001 0 0
119 6950000000.0 -7.139732E+001  2.121576E+000 0 0
120 7000000000.0 -7.155743E+001 -3.207578E+001 0 0
121 7050000000.0 -7.249533E+001 -5.001016E+001 0 0
122 7100000000.0 -7.116162E+001 -8.049143E+001 0 0
123 7150000000.0 -7.015221E+001 -1.230762E+002 0 0
124 7200000000.0 -7.215381E+001 -1.462864E+002 0 0
125 7250000000.0 -7.202109E+001 -1.726790E+002 0 0
126 7300000000.0 -7.145385E+001  1.581951E+002 0 0
127 7350000000.0 -7.228929E+001  1.281016E+002 0 0
128 7400000000.0 -7.218434E+001  8.793932E+001 0 0
129 7450000000.0 -7.247575E+001  5.789552E+001 0 0
130 7500000000.0 -7.287495E+001  2.707669E+001 0 0
131 7550000000.0 -7.385856E+001 -8.376328E+000 0 0
132 7600000000.0 -7.376070E+001 -4.322663E+001 0 0
133 7650000000.0 -7.287820E+001 -6.901652E+001 0 0
134 7700000000.0 -7.390590E+001 -1.151611E+002 0 0
135 7750000000.0 -7.515110E+001 -1.392457E+002 0 0
136 7800000000.0 -7.422042E+001 -1.727237E+002 0 0
137 7850000000.0 -7.273518E+001  1.706665E+002 0 0
138 7900000000.0 -7.184840E+001  1.312065E+002 0 0
139 7950000000.0 -7.286843E+001  1.033973E+002 0 0
140 8000000000.0 -7.360351E+001  7.664787E+001 0 0
141 8050000000.0 -7.274598E+001  3.600227E+001 0 0
142 8100000000.0 -7.163771E+001  9.940162E+000 0 0
143 8150000000.0 -7.189542E+001 -2.850914E+001 0 0
144 8200000000.0 -7.093134E+001 -4.319024E+001 0 0
145 8250000000.0 -7.026517E+001 -7.382819E+001 0 0
146 8300000000.0 -7.318500E+001 -1.306189E+002 0 0
147 8350000000.0 -7.296975E+001 -1.540844E+002 0 0
148 8400000000.0 -7.166190E+001  1.751200E+002 0 0
149 8450000000.0 -7.289341E+001  1.527643E+002 0 0
150 8500000000.0 -7.157712E+001  1.137902E+002 0 0
151 8550000000.0 -6.966041E+001  8.224854E+001 0 0
152 8600000000.0 -7.256400E+001  6.583655E+001 0 0
153 8650000000.0 -7.459844E+001  2.238719E+001 0 0
154 8700000000.0 -7.225595E+001 -9.696151E+000 0 0
155 8750000000.0 -7.367371E+001 -5.428190E+001 0 0
156 8800000000.0 -7.382841E+001 -8.360121E+001 0 0
157 8850000000.0 -7.162993E+001 -9.310545E+001 0 0
158 8900000000.0 -7.622935E+001 -1.147765E+002 0 0
159 8950000000.0 -7.222592E+001 -1.460964E+002 0 0
160 9000000000.0 -7.302417E+001  1.789438E+002 0 0
161 9050000000.0 -7.362881E+001  1.517974E+002 0 0
162 9100000000.0 -7.389165E+001  1.198569E+002 0 0
163 9150000000.0 -7.363891E+001  8.535390E+001 0 0
164 9200000000.0 -7.290156E+001  5.444937E+001 0 0
165 9250000000.0 -7.814504E+001  3.108771E+001 0 0
166 9300000000.0 -7.578648E+001 -5.415954E+000 0 0
167 9350000000.0 -7.745343E+001 -2.749646E+001 0 0
168 9400000000.0 -7.718965E+001 -5.516420E+001 0 0
169 9450000000.0 -7.397722E+001 -8.790012E+001 0 0
170 9500000000.0 -7.408740E+001 -1.265236E+002 0 0
171 9550000000.0 -7.610034E+001 -1.668146E+002 0 0
172 9600000000.0 -7.519194E+001  1.445349E+002 0 0
173 9650000000.0 -7.495660E+001  1.363993E+002 0 0
174 9700000000.0 -7.251714E+001  1.035625E+002 0 0
175 9750000000.0 -7.441113E+001  8.065807E+001 0 0
176 9800000000.0 -7.313768E+001  4.826570E+001 0 0
177 9850000000.0 -7.413424E+001 -1.862823E+000 0 0
178 9900000000.0 -7.408213E+001 -2.129004E+001 0 0
179 9950000000.0 -7.340267E+001 -5.065989E+001 0 0
180 10000000000.0 -7.264207E+001 -7.941283E+001 0 0
181 10050000000.0 -7.303323E+001 -1.243731E+002 0 0
182 10100000000.0 -7.265397E+001 -1.528670E+002 0 0
183 10150000000.0 -7.327129E+001  1.685239E+002 0 0
184 10200000000.0 -7.315738E+001  1.511581E+002 0 0
185 10250000000.0 -7.351385E+001  1.163401E+002 0 0
186 10300000000.0 -7.234723E+001  6.989458E+001 0 0
187 10350000000.0 -7.320027E+001  6.104480E+001 0 0
188 10400000000.0 -7.256812E+001  1.899451E+001 0 0
189 10450000000.0 -7.261653E+001  2.052092E+000 0 0
190 10500000000.0 -7.170560E+001 -3.924941E+001 0 0
191 10550000000.0 -7.242331E+001 -6.293638E+001 0 0
192 10600000000.0 -7.277838E+001 -8.584399E+001 0 0
193 10650000000.0 -7.442039E+001 -1.078676E+002 0 0
194 10700000000.0 -7.390701E+001 -1.473551E+002 0 0
195 10750000000.0 -7.552178E+001 -1.700188E+002 0 0
196 10800000000.0 -7.553519E+001  1.575523E+002 0 0
197 10850000000.0 -7.553264E+001  1.143586E+002 0 0
198 10900000000.0 -7.666977E+001  1.133102E+002 0 0
199 10950000000.0 -7.985856E+001  8.141589E+001 0 0
200 11000000000.0 -7.787865E+001  3.432344E+001 0 0
