0  1000000000.0  -6.660443E+000  -6.896945E+001  0  0
1  1050000000.0  -9.324782E+000   2.571725E+001  0  0
2  1100000000.0  -1.600676E+001   1.231651E+002  0  0
3  1150000000.0  -2.442242E+001  -9.857870E+001  0  0
4  1200000000.0  -3.087805E+001  -1.785788E+002  0  0
5  1250000000.0  -1.946321E+001  -9.361398E+001  0  0
6  1300000000.0  -1.527717E+001   8.987845E+000  0  0
7  1350000000.0  -1.424111E+001   1.208117E+002  0  0
8  1400000000.0  -1.118653E+001  -1.292939E+002  0  0
9  1450000000.0  -1.095589E+001  -2.590840E+001  0  0
10  1500000000.0  -1.016668E+001   8.168976E+001  0  0
11  1550000000.0  -9.666049E+000  -1.675079E+002  0  0
12  1600000000.0  -9.875397E+000  -6.130648E+001  0  0
13  1650000000.0  -1.085151E+001   4.435226E+001  0  0
14  1700000000.0  -1.132963E+001   1.561756E+002  0  0
15  1750000000.0  -1.207712E+001  -1.054197E+002  0  0
16  1800000000.0  -1.332358E+001  -1.183435E+001  0  0
17  1850000000.0  -1.541765E+001   8.413889E+001  0  0
18  1900000000.0  -1.635321E+001   1.706689E+002  0  0
19  1950000000.0  -1.737241E+001  -1.158041E+002  0  0
20  2000000000.0  -1.772928E+001  -3.023174E+001  0  0
21  2050000000.0  -1.785798E+001   7.119948E+001  0  0
22  2100000000.0  -1.562591E+001   1.753273E+002  0  0
23  2150000000.0  -1.539617E+001  -8.408728E+001  0  0
24  2200000000.0  -1.502093E+001   2.251043E+001  0  0
25  2250000000.0  -1.480097E+001   1.352065E+002  0  0
26  2300000000.0  -1.411413E+001  -1.205657E+002  0  0
27  2350000000.0  -1.540170E+001  -1.791379E+001  0  0
28  2400000000.0  -1.734729E+001   9.970664E+001  0  0
29  2450000000.0  -1.779564E+001  -1.433226E+002  0  0
30  2500000000.0  -1.986712E+001  -3.212521E+001  0  0
31  2550000000.0  -2.238224E+001   1.039779E+002  0  0
32  2600000000.0  -2.043791E+001  -1.261559E+002  0  0
33  2650000000.0  -2.018598E+001  -4.135581E+000  0  0
34  2700000000.0  -1.897319E+001   1.237182E+002  0  0
35  2750000000.0  -1.745161E+001  -1.233384E+002  0  0
36  2800000000.0  -1.743719E+001  -1.804437E+001  0  0
37  2850000000.0  -1.869758E+001   1.098312E+002  0  0
38  2900000000.0  -1.796821E+001  -1.415463E+002  0  0
39  2950000000.0  -1.923869E+001  -3.947009E+001  0  0
40  3000000000.0  -2.383500E+001   6.109335E+001  0  0
41  3050000000.0  -2.063963E+001  -1.501142E+002  0  0
42  3100000000.0  -2.208893E+001  -5.865047E+001  0  0
43  3150000000.0  -2.347910E+001   6.028939E+001  0  0
44  3200000000.0  -2.257883E+001   1.659173E+002  0  0
45  3250000000.0  -2.464269E+001  -1.283479E+002  0  0
46  3300000000.0  -2.780819E+001  -6.761589E+001  0  0
47  3350000000.0  -2.356182E+001   6.629450E+001  0  0
48  3400000000.0  -2.008108E+001   1.456524E+002  0  0
49  3450000000.0  -1.936460E+001  -1.320234E+002  0  0
50  3500000000.0  -1.938314E+001  -3.255104E+001  0  0
51  3550000000.0  -1.695247E+001   8.619115E+001  0  0
52  3600000000.0  -1.559286E+001  -1.739707E+002  0  0
53  3650000000.0  -1.569155E+001  -7.353321E+001  0  0
54  3700000000.0  -1.597778E+001   4.519835E+001  0  0
55  3750000000.0  -1.538701E+001   1.520714E+002  0  0
56  3800000000.0  -1.677425E+001  -1.033135E+002  0  0
57  3850000000.0  -1.792746E+001   1.852503E+001  0  0
58  3900000000.0  -1.800017E+001   1.345365E+002  0  0
59  3950000000.0  -2.007146E+001  -1.114167E+002  0  0
60  4000000000.0  -2.186471E+001   2.503374E+001  0  0
61  4050000000.0  -1.905199E+001   1.416936E+002  0  0
62  4100000000.0  -2.053477E+001  -1.040414E+002  0  0
63  4150000000.0  -2.108174E+001   1.609813E+001  0  0
64  4200000000.0  -2.098308E+001   1.300379E+002  0  0
65  4250000000.0  -2.190674E+001  -1.267597E+002  0  0
66  4300000000.0  -2.480486E+001  -1.553649E+001  0  0
67  4350000000.0  -2.796699E+001   9.512251E+001  0  0
68  4400000000.0  -3.529900E+001  -1.667954E+002  0  0
69  4450000000.0  -3.472546E+001  -1.360831E+002  0  0
70  4500000000.0  -2.931457E+001  -7.232581E+001  0  0
71  4550000000.0  -2.525821E+001   1.007416E+001  0  0
72  4600000000.0  -2.106391E+001   1.266519E+002  0  0
73  4650000000.0  -2.244472E+001  -1.268381E+002  0  0
74  4700000000.0  -1.976096E+001  -2.758502E+001  0  0
75  4750000000.0  -1.815883E+001   8.134683E+001  0  0
76  4800000000.0  -1.665598E+001  -1.733640E+002  0  0
77  4850000000.0  -1.768306E+001  -5.930930E+001  0  0
78  4900000000.0  -1.779922E+001   5.543314E+001  0  0
79  4950000000.0  -1.754444E+001   1.607101E+002  0  0
80  5000000000.0  -1.810313E+001  -8.520527E+001  0  0
81  5050000000.0  -1.894825E+001   2.554965E+001  0  0
82  5100000000.0  -2.050444E+001   1.386149E+002  0  0
83  5150000000.0  -2.250066E+001  -1.111872E+002  0  0
84  5200000000.0  -2.163163E+001   2.803152E+000  0  0
85  5250000000.0  -2.462535E+001   1.120485E+002  0  0
86  5300000000.0  -2.679981E+001  -1.239801E+002  0  0
87  5350000000.0  -2.720745E+001  -6.141031E+000  0  0
88  5400000000.0  -2.913536E+001   1.048606E+002  0  0
89  5450000000.0  -2.974473E+001  -1.490935E+002  0  0
90  5500000000.0  -3.333653E+001  -6.490863E+001  0  0
91  5550000000.0  -3.556918E+001   4.770729E+001  0  0
92  5600000000.0  -3.367442E+001   1.087742E+002  0  0
93  5650000000.0  -2.812074E+001  -1.501192E+002  0  0
94  5700000000.0  -2.455957E+001  -5.386274E+001  0  0
95  5750000000.0  -2.380115E+001   5.263996E+001  0  0
96  5800000000.0  -2.520965E+001   1.546873E+002  0  0
97  5850000000.0  -2.201426E+001  -9.587203E+001  0  0
98  5900000000.0  -2.087691E+001   1.220321E+001  0  0
99  5950000000.0  -2.033840E+001   1.146436E+002  0  0
100  6000000000.0  -2.256329E+001  -1.511488E+002  0  0
101  6050000000.0  -2.001055E+001  -2.864444E+001  0  0
102  6100000000.0  -2.159627E+001   8.174698E+001  0  0
103  6150000000.0  -2.131279E+001  -1.649797E+002  0  0
104  6200000000.0  -2.218287E+001  -6.708521E+001  0  0
105  6250000000.0  -2.527876E+001   4.609925E+001  0  0
106  6300000000.0  -2.810782E+001   1.778964E+002  0  0
107  6350000000.0  -2.683738E+001  -7.518671E+001  0  0
108  6400000000.0  -3.086607E+001   2.347773E+001  0  0
109  6450000000.0  -3.819752E+001  -1.280944E+002  0  0
110  6500000000.0  -3.350796E+001   9.756100E+000  0  0
111  6550000000.0  -3.217167E+001   1.276577E+002  0  0
112  6600000000.0  -3.322978E+001  -1.268870E+002  0  0
113  6650000000.0  -2.863268E+001  -5.388785E+000  0  0
114  6700000000.0  -2.638131E+001   1.335664E+002  0  0
115  6750000000.0  -2.640331E+001  -1.450227E+002  0  0
116  6800000000.0  -2.887893E+001  -5.060921E+001  0  0
117  6850000000.0  -3.117853E+001   1.014663E+002  0  0
118  6900000000.0  -2.584743E+001  -1.638369E+002  0  0
119  6950000000.0  -2.460861E+001  -6.138647E+001  0  0
120  7000000000.0  -2.904522E+001   4.874871E+001  0  0
121  7050000000.0  -2.519776E+001  -1.712175E+002  0  0
122  7100000000.0  -2.365126E+001  -4.868987E+001  0  0
123  7150000000.0  -2.784918E+001   6.036290E+001  0  0
124  7200000000.0  -2.597520E+001   1.778901E+002  0  0
125  7250000000.0  -2.274692E+001  -6.595872E+001  0  0
126  7300000000.0  -2.556192E+001   5.032288E+001  0  0
127  7350000000.0  -2.447607E+001  -1.757927E+002  0  0
128  7400000000.0  -2.230269E+001  -8.543755E+001  0  0
129  7450000000.0  -2.446651E+001   2.162849E+001  0  0
130  7500000000.0  -2.558756E+001   1.631588E+002  0  0
131  7550000000.0  -2.255992E+001  -8.617130E+001  0  0
132  7600000000.0  -2.230307E+001  -9.446779E-001  0  0
133  7650000000.0  -2.642144E+001   1.192655E+002  0  0
134  7700000000.0  -2.380694E+001  -1.124825E+002  0  0
135  7750000000.0  -2.232780E+001  -5.093610E+000  0  0
136  7800000000.0  -2.283691E+001   1.190879E+002  0  0
137  7850000000.0  -2.369836E+001  -1.390094E+002  0  0
138  7900000000.0  -2.250725E+001  -3.548429E+001  0  0
139  7950000000.0  -2.284413E+001   1.063410E+002  0  0
140  8000000000.0  -1.912543E+001  -1.634846E+002  0  0
141  8050000000.0  -2.031221E+001  -4.744060E+001  0  0
142  8100000000.0  -2.378190E+001   6.266361E+001  0  0
143  8150000000.0  -2.046670E+001   1.761852E+002  0  0
144  8200000000.0  -1.920013E+001  -7.564344E+001  0  0
145  8250000000.0  -2.085723E+001   3.202048E+001  0  0
146  8300000000.0  -1.999784E+001   1.571085E+002  0  0
147  8350000000.0  -1.838025E+001  -9.982653E+001  0  0
148  8400000000.0  -2.005072E+001   1.037821E+001  0  0
149  8450000000.0  -1.937833E+001   1.349407E+002  0  0
150  8500000000.0  -1.945231E+001  -1.203023E+002  0  0
151  8550000000.0  -2.058573E+001  -3.243062E+000  0  0
152  8600000000.0  -2.117790E+001   1.202382E+002  0  0
153  8650000000.0  -2.191500E+001  -1.286873E+002  0  0
154  8700000000.0  -2.117449E+001  -1.127355E+001  0  0
155  8750000000.0  -1.940174E+001   1.233990E+002  0  0
156  8800000000.0  -1.855217E+001  -1.165254E+002  0  0
157  8850000000.0  -1.814256E+001  -4.247552E+000  0  0
158  8900000000.0  -1.637747E+001   1.077351E+002  0  0
159  8950000000.0  -1.525790E+001  -1.346455E+002  0  0
160  9000000000.0  -1.461352E+001  -1.646874E+001  0  0
161  9050000000.0  -1.586009E+001   9.993069E+001  0  0
162  9100000000.0  -1.512868E+001  -1.622017E+002  0  0
163  9150000000.0  -1.342559E+001  -4.205765E+001  0  0
164  9200000000.0  -1.353960E+001   7.953970E+001  0  0
165  9250000000.0  -1.408842E+001  -1.665404E+002  0  0
166  9300000000.0  -1.398297E+001  -5.082694E+001  0  0
167  9350000000.0  -1.412994E+001   6.580308E+001  0  0
168  9400000000.0  -1.447600E+001  -1.751758E+002  0  0
169  9450000000.0  -1.530746E+001  -5.682677E+001  0  0
170  9500000000.0  -1.513706E+001   5.892937E+001  0  0
171  9550000000.0  -1.564576E+001  -1.772042E+002  0  0
172  9600000000.0  -1.573881E+001  -5.205862E+001  0  0
173  9650000000.0  -1.624341E+001   6.654892E+001  0  0
174  9700000000.0  -1.557924E+001  -1.685620E+002  0  0
175  9750000000.0  -1.537677E+001  -4.413054E+001  0  0
176  9800000000.0  -1.541022E+001   7.722430E+001  0  0
177  9850000000.0  -1.482280E+001  -1.624100E+002  0  0
178  9900000000.0  -1.471224E+001  -4.276936E+001  0  0
179  9950000000.0  -1.428254E+001   7.904441E+001  0  0
180  10000000000.0  -1.394539E+001  -1.665744E+002  0  0
181  10050000000.0  -1.442945E+001  -4.032997E+001  0  0
182  10100000000.0  -1.330260E+001   7.340916E+001  0  0
183  10150000000.0  -1.383445E+001  -1.670645E+002  0  0
184  10200000000.0  -1.316175E+001  -4.424494E+001  0  0
185  10250000000.0  -1.259496E+001   7.021200E+001  0  0
186  10300000000.0  -1.314668E+001  -1.702968E+002  0  0
187  10350000000.0  -1.238649E+001  -4.772905E+001  0  0
188  10400000000.0  -1.208896E+001   6.466210E+001  0  0
189  10450000000.0  -1.275881E+001  -1.733933E+002  0  0
190  10500000000.0  -1.207504E+001  -5.127031E+001  0  0
191  10550000000.0  -1.204651E+001   6.238631E+001  0  0
192  10600000000.0  -1.304714E+001  -1.728074E+002  0  0
193  10650000000.0  -1.234773E+001  -4.885038E+001  0  0
194  10700000000.0  -1.251398E+001   6.347501E+001  0  0
195  10750000000.0  -1.352198E+001  -1.686374E+002  0  0
196  10800000000.0  -1.222288E+001  -4.576525E+001  0  0
197  10850000000.0  -1.247540E+001   6.603297E+001  0  0
198  10900000000.0  -1.308846E+001  -1.631624E+002  0  0
199  10950000000.0  -1.166188E+001  -4.388520E+001  0  0
200  11000000000.0  -1.205659E+001   6.645869E+001  0  0
