0 9000000000.0 -9.342648E+001 -4.371082E+000 0 0
1 9050000000.0 -8.161353E+001 -5.930191E+001 0 0
2 9100000000.0 -7.959908E+001 -7.507530E+001 0 0
3 9150000000.0 -8.326572E+001 -1.536482E+002 0 0
4 9200000000.0 -8.280389E+001 -1.546407E+002 0 0
5 9250000000.0 -7.858443E+001 -1.642138E+002 0 0
6 9300000000.0 -7.742082E+001  1.419812E+002 0 0
7 9350000000.0 -8.771432E+001  9.985941E+001 0 0
8 9400000000.0 -7.952888E+001  8.549048E+001 0 0
9 9450000000.0 -8.401653E+001  1.174559E+002 0 0
10 9500000000.0 -9.170500E+001  2.789411E+001 0 0
11 9550000000.0 -8.462264E+001  5.260727E+001 0 0
12 9600000000.0 -8.317751E+001  2.401125E+001 0 0
13 9650000000.0 -8.432018E+001 -4.062695E+001 0 0
14 9700000000.0 -9.286275E+001 -3.685101E+001 0 0
15 9750000000.0 -8.971745E+001 -6.274263E+001 0 0
16 9800000000.0 -1.007050E+002 -1.070088E+002 0 0
17 9850000000.0 -9.613174E+001  1.569423E+002 0 0
18 9900000000.0 -8.562428E+001 -1.226014E+002 0 0
19 9950000000.0 -8.332871E+001 -1.461449E+002 0 0
20 10000000000.0 -9.263831E+001 -1.231907E+002 0 0
21 10050000000.0 -8.300578E+001  9.278597E+001 0 0
22 10100000000.0 -8.752834E+001  5.576522E+001 0 0
23 10150000000.0 -8.625222E+001  2.111677E+000 0 0
24 10200000000.0 -8.733867E+001 -7.687766E+001 0 0
25 10250000000.0 -8.373935E+001 -5.544504E+001 0 0
26 10300000000.0 -8.908832E+001 -7.495631E+001 0 0
27 10350000000.0 -1.015977E+002 -3.042557E+001 0 0
28 10400000000.0 -9.284316E+001 -9.347526E+001 0 0
29 10450000000.0 -8.606401E+001 -1.362576E+002 0 0
30 10500000000.0 -9.223354E+001 -1.766101E+002 0 0
31 10550000000.0 -8.896802E+001  1.081243E+002 0 0
32 10600000000.0 -9.432090E+001  5.297068E+001 0 0
33 10650000000.0 -8.749375E+001  5.329282E+001 0 0
34 10700000000.0 -9.798824E+001 -1.769661E+002 0 0
35 10750000000.0 -8.963474E+001  3.417546E+001 0 0
36 10800000000.0 -8.921799E+001 -4.721426E+001 0 0
37 10850000000.0 -8.391465E+001 -9.945059E+001 0 0
38 10900000000.0 -8.139839E+001 -9.265018E+001 0 0
39 10950000000.0 -8.169023E+001 -1.199609E+002 0 0
40 11000000000.0 -8.326675E+001 -1.170116E+002 0 0
41 11050000000.0 -8.512020E+001 -1.625209E+002 0 0
42 11100000000.0 -8.296096E+001 -1.795219E+002 0 0
43 11150000000.0 -8.433865E+001  1.746490E+002 0 0
44 11200000000.0 -8.094578E+001  1.482788E+002 0 0
45 11250000000.0 -7.957677E+001  1.073672E+002 0 0
46 11300000000.0 -8.097190E+001  7.345454E+001 0 0
47 11350000000.0 -8.582516E+001  5.566074E+001 0 0
48 11400000000.0 -8.300157E+001 -9.377393E+000 0 0
49 11450000000.0 -8.338494E+001  1.095936E+001 0 0
50 11500000000.0 -8.253154E+001 -2.654664E+001 0 0
51 11550000000.0 -8.636219E+001 -4.567039E+001 0 0
52 11600000000.0 -8.492133E+001 -7.148438E+001 0 0
53 11650000000.0 -8.460341E+001 -1.069818E+002 0 0
54 11700000000.0 -8.300943E+001 -1.550644E+002 0 0
55 11750000000.0 -8.356236E+001  1.424376E+002 0 0
56 11800000000.0 -8.443498E+001  1.205352E+002 0 0
57 11850000000.0 -8.067633E+001  8.556204E+001 0 0
58 11900000000.0 -7.869002E+001  5.007032E+001 0 0
59 11950000000.0 -8.068263E+001  4.753481E+001 0 0
60 12000000000.0 -7.858010E+001  1.681743E+001 0 0
61 12050000000.0 -7.842081E+001 -2.706032E+001 0 0
62 12100000000.0 -7.841636E+001 -4.096844E+001 0 0
63 12150000000.0 -7.771799E+001 -9.089787E+001 0 0
64 12200000000.0 -7.673297E+001 -1.122340E+002 0 0
65 12250000000.0 -7.646980E+001 -1.177608E+002 0 0
66 12300000000.0 -7.994688E+001 -1.687145E+002 0 0
67 12350000000.0 -7.568965E+001  1.505302E+002 0 0
68 12400000000.0 -7.573408E+001  1.368216E+002 0 0
69 12450000000.0 -7.914628E+001  1.286762E+002 0 0
70 12500000000.0 -7.795828E+001  6.466320E+001 0 0
71 12550000000.0 -7.946833E+001  4.591798E+001 0 0
72 12600000000.0 -8.125030E+001 -7.213656E+000 0 0
73 12650000000.0 -8.074634E+001 -3.657861E+001 0 0
74 12700000000.0 -8.082943E+001 -6.354667E+001 0 0
75 12750000000.0 -8.114015E+001 -1.093090E+002 0 0
76 12800000000.0 -8.107455E+001 -1.374491E+002 0 0
77 12850000000.0 -7.823363E+001 -1.778501E+002 0 0
78 12900000000.0 -8.253978E+001  1.499510E+002 0 0
79 12950000000.0 -7.987946E+001  1.304369E+002 0 0
80 13000000000.0 -8.181541E+001  9.023637E+001 0 0
81 13050000000.0 -8.421272E+001  5.075134E+001 0 0
82 13100000000.0 -7.938620E+001  8.784922E+000 0 0
83 13150000000.0 -8.094028E+001 -1.725935E+001 0 0
84 13200000000.0 -8.141715E+001 -7.816954E+001 0 0
85 13250000000.0 -7.927872E+001 -1.311841E+002 0 0
86 13300000000.0 -8.106113E+001 -1.440900E+002 0 0
87 13350000000.0 -7.780550E+001  1.730910E+002 0 0
88 13400000000.0 -7.843648E+001  1.284844E+002 0 0
89 13450000000.0 -7.916250E+001  9.945447E+001 0 0
90 13500000000.0 -7.891236E+001  7.221185E+001 0 0
91 13550000000.0 -7.797379E+001  2.390691E+001 0 0
92 13600000000.0 -7.413457E+001  5.451273E+000 0 0
93 13650000000.0 -7.722880E+001 -4.023321E+001 0 0
94 13700000000.0 -7.522366E+001 -5.598307E+001 0 0
95 13750000000.0 -7.678476E+001 -9.474770E+001 0 0
96 13800000000.0 -7.787997E+001 -1.267628E+002 0 0
97 13850000000.0 -7.683115E+001 -1.488674E+002 0 0
98 13900000000.0 -7.791121E+001 -1.731555E+002 0 0
99 13950000000.0 -7.774159E+001  1.382999E+002 0 0
100 14000000000.0 -7.791114E+001  1.082994E+002 0 0
101 14050000000.0 -8.212254E+001  7.768131E+001 0 0
102 14100000000.0 -8.276106E+001  2.361702E+001 0 0
103 14150000000.0 -8.548539E+001 -5.677281E+000 0 0
104 14200000000.0 -9.296571E+001  8.884937E-001 0 0
105 14250000000.0 -8.810141E+001  1.083413E+002 0 0
106 14300000000.0 -8.767480E+001  5.004596E+001 0 0
107 14350000000.0 -8.065716E+001 -5.826076E+000 0 0
108 14400000000.0 -7.803292E+001 -3.745592E+001 0 0
109 14450000000.0 -7.702386E+001 -7.505023E+001 0 0
110 14500000000.0 -7.526174E+001 -1.264976E+002 0 0
111 14550000000.0 -7.353122E+001 -1.500688E+002 0 0
112 14600000000.0 -7.700210E+001  1.774761E+002 0 0
113 14650000000.0 -7.687582E+001  1.430393E+002 0 0
114 14700000000.0 -7.707710E+001  1.220740E+002 0 0
115 14750000000.0 -7.594630E+001  8.693420E+001 0 0
116 14800000000.0 -7.677744E+001  3.858776E+001 0 0
117 14850000000.0 -7.888890E+001  1.451505E+001 0 0
118 14900000000.0 -8.350005E+001  2.805110E+000 0 0
119 14950000000.0 -8.614056E+001 -7.192416E+001 0 0
120 15000000000.0 -8.495477E+001 -1.052209E+002 0 0
121 15050000000.0 -8.257265E+001 -1.501931E+002 0 0
122 15100000000.0 -8.835915E+001  1.488840E+002 0 0
123 15150000000.0 -8.066599E+001  1.685708E+002 0 0
124 15200000000.0 -8.285052E+001  1.088519E+002 0 0
125 15250000000.0 -8.207782E+001  6.373957E+001 0 0
126 15300000000.0 -8.048682E+001  2.982639E+001 0 0
127 15350000000.0 -8.113924E+001  5.575226E+000 0 0
128 15400000000.0 -7.930067E+001 -3.142209E+001 0 0
129 15450000000.0 -8.034947E+001 -5.999844E+001 0 0
130 15500000000.0 -7.954794E+001 -8.762833E+001 0 0
131 15550000000.0 -8.240113E+001 -1.076167E+002 0 0
132 15600000000.0 -8.410534E+001 -1.616210E+002 0 0
133 15650000000.0 -7.962975E+001  1.753029E+002 0 0
134 15700000000.0 -8.118297E+001  1.438820E+002 0 0
135 15750000000.0 -7.930460E+001  1.251609E+002 0 0
136 15800000000.0 -7.875667E+001  6.558209E+001 0 0
137 15850000000.0 -8.149650E+001  4.850252E+001 0 0
138 15900000000.0 -8.051463E+001  1.194530E+001 0 0
139 15950000000.0 -8.206916E+001 -1.778434E+001 0 0
140 16000000000.0 -8.144633E+001 -4.219947E+001 0 0
141 16050000000.0 -7.957497E+001 -6.307795E+001 0 0
142 16100000000.0 -7.863345E+001 -8.952726E+001 0 0
143 16150000000.0 -7.785482E+001 -1.274291E+002 0 0
144 16200000000.0 -7.828932E+001 -1.525361E+002 0 0
145 16250000000.0 -7.963437E+001 -1.582405E+002 0 0
146 16300000000.0 -8.003310E+001  1.466351E+002 0 0
147 16350000000.0 -7.939464E+001  1.426612E+002 0 0
148 16400000000.0 -8.043596E+001  1.191705E+002 0 0
149 16450000000.0 -8.420933E+001  9.125782E+001 0 0
150 16500000000.0 -8.334972E+001  6.822330E+001 0 0
151 16550000000.0 -8.361022E+001  6.409307E+001 0 0
152 16600000000.0 -8.514082E+001  8.089110E+001 0 0
153 16650000000.0 -8.937819E+001  6.214038E+001 0 0
154 16700000000.0 -1.112716E+002  6.923396E+001 0 0
155 16750000000.0 -8.665878E+001  5.999782E+001 0 0
156 16800000000.0 -9.059429E+001  4.585162E+001 0 0
157 16850000000.0 -9.073782E+001  9.610932E+001 0 0
158 16900000000.0 -8.624000E+001  3.788589E+001 0 0
159 16950000000.0 -8.687034E+001  2.478639E+000 0 0
160 17000000000.0 -8.405296E+001  8.378562E+000 0 0
161 17050000000.0 -9.615174E+001 -3.104854E+001 0 0
162 17100000000.0 -8.609061E+001 -3.920995E+001 0 0
163 17150000000.0 -8.664577E+001 -1.892495E+001 0 0
164 17200000000.0 -9.150978E+001  8.504470E+000 0 0
165 17250000000.0 -8.873056E+001 -5.570596E+001 0 0
166 17300000000.0 -8.395187E+001 -1.800025E+001 0 0
167 17350000000.0 -8.141205E+001 -4.224706E+001 0 0
168 17400000000.0 -8.233911E+001 -6.966466E+001 0 0
169 17450000000.0 -8.102207E+001 -8.015083E+001 0 0
170 17500000000.0 -8.057643E+001 -1.044097E+002 0 0
171 17550000000.0 -7.700412E+001 -1.141951E+002 0 0
172 17600000000.0 -7.785789E+001 -1.385938E+002 0 0
173 17650000000.0 -7.760487E+001 -1.447232E+002 0 0
174 17700000000.0 -7.644678E+001 -1.787871E+002 0 0
175 17750000000.0 -7.693677E+001  1.568715E+002 0 0
176 17800000000.0 -7.577988E+001  1.168447E+002 0 0
177 17850000000.0 -7.653607E+001  1.139650E+002 0 0
178 17900000000.0 -7.700378E+001  9.466072E+001 0 0
179 17950000000.0 -7.798848E+001  5.392480E+001 0 0
180 18000000000.0 -7.688172E+001  3.565906E+001 0 0
181 18050000000.0 -7.679823E+001  1.175411E+001 0 0
182 18100000000.0 -7.796720E+001 -1.660511E+001 0 0
183 18150000000.0 -7.931934E+001 -3.843806E+001 0 0
184 18200000000.0 -8.161060E+001 -5.955642E+001 0 0
185 18250000000.0 -8.048436E+001 -9.308017E+001 0 0
186 18300000000.0 -8.255275E+001 -1.143663E+002 0 0
187 18350000000.0 -8.251973E+001 -1.733303E+002 0 0
188 18400000000.0 -8.091320E+001  1.318178E+002 0 0
189 18450000000.0 -7.921891E+001  1.239209E+002 0 0
190 18500000000.0 -8.144169E+001  8.344879E+001 0 0
191 18550000000.0 -7.988667E+001  5.411483E+001 0 0
192 18600000000.0 -8.048119E+001  2.836648E+001 0 0
193 18650000000.0 -7.785624E+001  1.327187E+001 0 0
194 18700000000.0 -8.047444E+001  1.460078E+001 0 0
195 18750000000.0 -7.861084E+001 -3.249691E+001 0 0
196 18800000000.0 -8.086647E+001 -4.949384E+001 0 0
197 18850000000.0 -7.652254E+001 -4.764500E+001 0 0
198 18900000000.0 -7.670129E+001 -7.169733E+001 0 0
199 18950000000.0 -7.562986E+001 -8.059009E+001 0 0
200 19000000000.0 -7.665037E+001 -1.120311E+002 0 0
