0 9000000000.0 -8.924750E+001 -1.757853E+002 0 0
1 9050000000.0 -1.003892E+002  1.450263E+002 0 0
2 9100000000.0 -8.851203E+001  9.845516E+001 0 0
3 9150000000.0 -7.903156E+001  2.950303E+001 0 0
4 9200000000.0 -7.518018E+001 -3.558083E+001 0 0
5 9250000000.0 -7.979231E+001 -6.970259E+001 0 0
6 9300000000.0 -7.802539E+001 -7.427201E+001 0 0
7 9350000000.0 -7.441773E+001 -1.039072E+002 0 0
8 9400000000.0 -7.807488E+001 -1.237018E+002 0 0
9 9450000000.0 -7.850628E+001 -9.797468E+001 0 0
10 9500000000.0 -7.508463E+001 -1.397242E+002 0 0
11 9550000000.0 -7.652507E+001 -1.595604E+002 0 0
12 9600000000.0 -7.544641E+001 -1.545645E+002 0 0
13 9650000000.0 -7.612772E+001  1.779803E+002 0 0
14 9700000000.0 -7.596966E+001  1.658833E+002 0 0
15 9750000000.0 -7.766056E+001  1.321757E+002 0 0
16 9800000000.0 -7.806844E+001  1.209583E+002 0 0
17 9850000000.0 -7.886163E+001  1.153382E+002 0 0
18 9900000000.0 -7.652080E+001  1.201153E+002 0 0
19 9950000000.0 -7.987014E+001  1.092334E+002 0 0
20 10000000000.0 -8.047588E+001  1.068035E+002 0 0
21 10050000000.0 -7.775983E+001  1.104256E+002 0 0
22 10100000000.0 -7.834044E+001  9.785776E+001 0 0
23 10150000000.0 -7.828806E+001  8.987466E+001 0 0
24 10200000000.0 -7.606770E+001  7.594608E+001 0 0
25 10250000000.0 -7.557678E+001  3.908569E+001 0 0
26 10300000000.0 -7.463486E+001  2.985201E+001 0 0
27 10350000000.0 -7.612791E+001  1.433872E+001 0 0
28 10400000000.0 -7.612284E+001 -1.981924E+001 0 0
29 10450000000.0 -7.761227E+001 -9.404861E+000 0 0
30 10500000000.0 -7.671165E+001 -3.458473E+001 0 0
31 10550000000.0 -7.703825E+001 -2.688013E+001 0 0
32 10600000000.0 -8.146072E+001 -1.040846E+001 0 0
33 10650000000.0 -8.104051E+001 -5.186742E+001 0 0
34 10700000000.0 -8.216771E+001 -3.922354E+001 0 0
35 10750000000.0 -7.781466E+001 -3.796099E+001 0 0
36 10800000000.0 -7.900072E+001 -6.129516E+001 0 0
37 10850000000.0 -7.740747E+001 -9.126493E+001 0 0
38 10900000000.0 -7.937838E+001 -1.101612E+002 0 0
39 10950000000.0 -7.591376E+001 -1.079479E+002 0 0
40 11000000000.0 -7.768430E+001 -1.611910E+002 0 0
41 11050000000.0 -8.424099E+001  1.756527E+002 0 0
42 11100000000.0 -8.778432E+001  1.677274E+002 0 0
43 11150000000.0 -8.554897E+001 -1.078395E+002 0 0
44 11200000000.0 -8.375844E+001 -7.747722E+001 0 0
45 11250000000.0 -8.181134E+001 -1.078705E+002 0 0
46 11300000000.0 -8.050559E+001 -1.453117E+002 0 0
47 11350000000.0 -7.802393E+001 -1.444819E+002 0 0
48 11400000000.0 -7.542386E+001 -1.503536E+002 0 0
49 11450000000.0 -7.377427E+001 -1.792306E+002 0 0
50 11500000000.0 -7.375802E+001  1.779560E+002 0 0
51 11550000000.0 -7.226270E+001  1.502621E+002 0 0
52 11600000000.0 -7.100501E+001  1.407736E+002 0 0
53 11650000000.0 -7.336873E+001  1.110242E+002 0 0
54 11700000000.0 -7.171333E+001  9.410354E+001 0 0
55 11750000000.0 -7.116151E+001  5.643484E+001 0 0
56 11800000000.0 -7.546245E+001  6.828452E+001 0 0
57 11850000000.0 -7.548426E+001  4.337580E+001 0 0
58 11900000000.0 -7.768031E+001  5.927349E+001 0 0
59 11950000000.0 -7.919861E+001  4.223600E+001 0 0
60 12000000000.0 -7.479345E+001  2.965291E+001 0 0
61 12050000000.0 -7.331507E+001  5.702735E+000 0 0
62 12100000000.0 -7.302728E+001 -5.166664E+000 0 0
63 12150000000.0 -7.348153E+001 -9.914026E+000 0 0
64 12200000000.0 -7.353046E+001 -4.417268E+001 0 0
65 12250000000.0 -7.512479E+001 -4.788000E+001 0 0
66 12300000000.0 -7.920365E+001 -7.074700E+001 0 0
67 12350000000.0 -7.365929E+001 -5.698654E+001 0 0
68 12400000000.0 -7.487401E+001 -7.818843E+001 0 0
69 12450000000.0 -7.413867E+001 -8.665877E+001 0 0
70 12500000000.0 -7.342890E+001 -1.076939E+002 0 0
71 12550000000.0 -7.297603E+001 -1.193787E+002 0 0
72 12600000000.0 -7.495924E+001 -1.423510E+002 0 0
73 12650000000.0 -7.530104E+001 -1.546248E+002 0 0
74 12700000000.0 -7.612941E+001 -1.573494E+002 0 0
75 12750000000.0 -7.892839E+001 -1.773459E+002 0 0
76 12800000000.0 -7.484821E+001  1.666010E+002 0 0
77 12850000000.0 -7.346638E+001  1.452036E+002 0 0
78 12900000000.0 -7.438727E+001  1.448885E+002 0 0
79 12950000000.0 -7.229677E+001  1.304167E+002 0 0
80 13000000000.0 -7.211488E+001  8.090597E+001 0 0
81 13050000000.0 -7.256521E+001  7.370163E+001 0 0
82 13100000000.0 -7.437798E+001  5.797282E+001 0 0
83 13150000000.0 -7.462128E+001  2.967132E+001 0 0
84 13200000000.0 -7.531529E+001  1.958534E+001 0 0
85 13250000000.0 -7.731371E+001 -2.405390E+001 0 0
86 13300000000.0 -7.925360E+001 -3.451237E+001 0 0
87 13350000000.0 -7.951219E+001 -5.019447E+001 0 0
88 13400000000.0 -8.368867E+001 -3.199960E+001 0 0
89 13450000000.0 -8.996796E+001 -8.795158E+001 0 0
90 13500000000.0 -8.331593E+001 -9.390833E+001 0 0
91 13550000000.0 -8.811527E+001 -8.268729E+001 0 0
92 13600000000.0 -8.774664E+001 -9.220513E+001 0 0
93 13650000000.0 -8.686427E+001 -6.987431E+001 0 0
94 13700000000.0 -8.143755E+001 -1.088901E+002 0 0
95 13750000000.0 -8.232311E+001 -1.117535E+002 0 0
96 13800000000.0 -8.579601E+001 -1.276648E+002 0 0
97 13850000000.0 -8.249635E+001  1.747425E+002 0 0
98 13900000000.0 -8.406059E+001  1.544051E+002 0 0
99 13950000000.0 -8.503630E+001  1.397352E+002 0 0
100 14000000000.0 -8.418736E+001  1.264839E+002 0 0
101 14050000000.0 -8.764066E+001  1.219659E+002 0 0
102 14100000000.0 -9.481311E+001  7.613465E+001 0 0
103 14150000000.0 -9.876086E+001  4.744736E+001 0 0
104 14200000000.0 -9.236787E+001  1.317685E+002 0 0
105 14250000000.0 -9.183674E+001  1.629992E+002 0 0
106 14300000000.0 -1.011123E+002  1.328231E+002 0 0
107 14350000000.0 -9.207389E+001  1.220556E+002 0 0
108 14400000000.0 -7.978108E+001  9.504485E+001 0 0
109 14450000000.0 -8.518398E+001  8.716335E+001 0 0
110 14500000000.0 -8.092292E+001  4.993970E+001 0 0
111 14550000000.0 -7.990769E+001  4.604068E+001 0 0
112 14600000000.0 -8.205531E+001  2.867371E+001 0 0
113 14650000000.0 -7.669064E+001  1.069841E+001 0 0
114 14700000000.0 -7.702324E+001 -1.679068E+001 0 0
115 14750000000.0 -7.414974E+001 -2.768613E+001 0 0
116 14800000000.0 -7.452248E+001 -5.319540E+001 0 0
117 14850000000.0 -7.371898E+001 -6.095701E+001 0 0
118 14900000000.0 -7.272179E+001 -9.188074E+001 0 0
119 14950000000.0 -7.239169E+001 -1.061988E+002 0 0
120 15000000000.0 -7.117057E+001 -1.280045E+002 0 0
121 15050000000.0 -7.219016E+001 -1.672952E+002 0 0
122 15100000000.0 -7.470199E+001  1.799080E+002 0 0
123 15150000000.0 -7.382164E+001  1.597684E+002 0 0
124 15200000000.0 -7.738723E+001  1.409790E+002 0 0
125 15250000000.0 -7.797897E+001  1.319658E+002 0 0
126 15300000000.0 -8.007031E+001  1.049370E+002 0 0
127 15350000000.0 -7.860362E+001  8.824451E+001 0 0
128 15400000000.0 -8.405010E+001  8.539776E+001 0 0
129 15450000000.0 -8.306922E+001  7.940974E+001 0 0
130 15500000000.0 -8.159755E+001  1.106627E+002 0 0
131 15550000000.0 -8.030262E+001  1.320011E+002 0 0
132 15600000000.0 -7.815247E+001  1.059218E+002 0 0
133 15650000000.0 -7.942087E+001  8.405179E+001 0 0
134 15700000000.0 -7.642766E+001  7.206245E+001 0 0
135 15750000000.0 -7.744787E+001  6.663143E+001 0 0
136 15800000000.0 -7.858205E+001  5.716246E+001 0 0
137 15850000000.0 -7.847041E+001  4.193092E+001 0 0
138 15900000000.0 -7.785488E+001  4.932138E+001 0 0
139 15950000000.0 -7.574336E+001  1.654634E+001 0 0
140 16000000000.0 -7.828967E+001  5.780585E+000 0 0
141 16050000000.0 -7.642676E+001 -1.111834E+001 0 0
142 16100000000.0 -7.711803E+001 -3.875611E+001 0 0
143 16150000000.0 -7.666747E+001 -4.266021E+001 0 0
144 16200000000.0 -7.732797E+001 -5.144661E+001 0 0
145 16250000000.0 -7.997100E+001 -7.559318E+001 0 0
146 16300000000.0 -8.299358E+001 -6.067627E+001 0 0
147 16350000000.0 -7.862701E+001 -7.382105E+001 0 0
148 16400000000.0 -8.065643E+001 -8.981459E+001 0 0
149 16450000000.0 -7.680853E+001 -1.172232E+002 0 0
150 16500000000.0 -7.818495E+001 -1.133933E+002 0 0
151 16550000000.0 -7.656775E+001 -1.338408E+002 0 0
152 16600000000.0 -7.759460E+001 -1.584130E+002 0 0
153 16650000000.0 -7.609093E+001 -1.602526E+002 0 0
154 16700000000.0 -7.615009E+001  1.683785E+002 0 0
155 16750000000.0 -7.655817E+001  1.566061E+002 0 0
156 16800000000.0 -7.853586E+001  1.456037E+002 0 0
157 16850000000.0 -7.914888E+001  1.387889E+002 0 0
158 16900000000.0 -8.037062E+001  1.419824E+002 0 0
159 16950000000.0 -8.113404E+001  1.204850E+002 0 0
160 17000000000.0 -7.945024E+001  1.085473E+002 0 0
161 17050000000.0 -8.065810E+001  8.569765E+001 0 0
162 17100000000.0 -8.375465E+001  8.346683E+001 0 0
163 17150000000.0 -8.363062E+001  3.387858E+001 0 0
164 17200000000.0 -9.086564E+001  4.177987E+001 0 0
165 17250000000.0 -9.591148E+001 -2.246498E+001 0 0
166 17300000000.0 -9.669797E+001  2.993077E+001 0 0
167 17350000000.0 -8.216847E+001 -1.636417E+002 0 0
168 17400000000.0 -8.119178E+001  1.284375E+002 0 0
169 17450000000.0 -7.918660E+001  1.096373E+002 0 0
170 17500000000.0 -7.825303E+001  9.677746E+001 0 0
171 17550000000.0 -7.543582E+001  4.444954E+001 0 0
172 17600000000.0 -7.576554E+001  2.393204E+001 0 0
173 17650000000.0 -7.772175E+001  1.109239E+001 0 0
174 17700000000.0 -7.657525E+001  9.692960E-001 0 0
175 17750000000.0 -7.990050E+001 -2.080042E+001 0 0
176 17800000000.0 -7.860640E+001 -5.243855E+001 0 0
177 17850000000.0 -7.967673E+001 -5.165916E+001 0 0
178 17900000000.0 -7.769081E+001 -7.445924E+001 0 0
179 17950000000.0 -7.920103E+001 -1.180027E+002 0 0
180 18000000000.0 -7.966794E+001 -1.146575E+002 0 0
181 18050000000.0 -8.296082E+001  1.568325E+002 0 0
182 18100000000.0 -8.525623E+001  1.482971E+002 0 0
183 18150000000.0 -8.117364E+001  9.069165E+001 0 0
184 18200000000.0 -8.419617E+001  1.027473E+002 0 0
185 18250000000.0 -7.821229E+001  3.978006E+001 0 0
186 18300000000.0 -7.709827E+001 -1.230565E+001 0 0
187 18350000000.0 -7.849232E+001 -3.972006E+001 0 0
188 18400000000.0 -7.496328E+001 -7.205421E+001 0 0
189 18450000000.0 -7.622656E+001 -9.952304E+001 0 0
190 18500000000.0 -7.672763E+001 -9.841574E+001 0 0
191 18550000000.0 -7.724449E+001 -1.355490E+002 0 0
192 18600000000.0 -7.723556E+001 -1.546936E+002 0 0
193 18650000000.0 -7.630621E+001 -1.696393E+002 0 0
194 18700000000.0 -8.083065E+001  1.644495E+002 0 0
195 18750000000.0 -7.808567E+001  1.500337E+002 0 0
196 18800000000.0 -8.592792E+001  1.486410E+002 0 0
197 18850000000.0 -8.758382E+001 -1.796987E+002 0 0
198 18900000000.0 -8.366050E+001 -1.626362E+002 0 0
199 18950000000.0 -7.892163E+001  1.572551E+002 0 0
200 19000000000.0 -7.831200E+001  1.433767E+002 0 0
