0 9000000000.0 -8.094171E+001  1.725615E+002 0 0
1 9050000000.0 -8.854115E+001 -1.717923E+002 0 0
2 9100000000.0 -8.372476E+001 -1.670765E+002 0 0
3 9150000000.0 -8.118582E+001  1.053054E+002 0 0
4 9200000000.0 -8.212192E+001  9.304537E+001 0 0
5 9250000000.0 -8.011493E+001  1.179859E+002 0 0
6 9300000000.0 -8.747203E+001  7.798824E+001 0 0
7 9350000000.0 -8.679367E+001  8.834138E+001 0 0
8 9400000000.0 -8.509766E+001  3.822073E+001 0 0
9 9450000000.0 -8.739150E+001  2.199371E+001 0 0
10 9500000000.0 -9.454739E+001 -1.029169E+002 0 0
11 9550000000.0 -8.747386E+001  1.895637E+001 0 0
12 9600000000.0 -9.715829E+001 -1.519953E+002 0 0
13 9650000000.0 -8.473625E+001  2.888653E+001 0 0
14 9700000000.0 -9.930489E+001 -1.070807E+002 0 0
15 9750000000.0 -8.353717E+001 -8.620157E-002 0 0
16 9800000000.0 -9.487218E+001  7.972097E+001 0 0
17 9850000000.0 -8.100933E+001 -2.283980E+001 0 0
18 9900000000.0 -8.897673E+001 -4.534457E+001 0 0
19 9950000000.0 -8.574985E+001 -8.202455E+001 0 0
20 10000000000.0 -8.458270E+001 -1.043543E+002 0 0
21 10050000000.0 -8.064587E+001 -1.428961E+002 0 0
22 10100000000.0 -8.830331E+001 -1.685221E+002 0 0
23 10150000000.0 -8.737975E+001  1.584067E+002 0 0
24 10200000000.0 -8.195556E+001  1.772616E+002 0 0
25 10250000000.0 -8.445303E+001  1.607552E+002 0 0
26 10300000000.0 -9.518609E+001  1.502696E+002 0 0
27 10350000000.0 -8.783179E+001 -1.428269E+002 0 0
28 10400000000.0 -8.756311E+001 -1.242629E+002 0 0
29 10450000000.0 -1.048553E+002 -1.350736E+002 0 0
30 10500000000.0 -8.152899E+001  1.513569E+002 0 0
31 10550000000.0 -8.374291E+001  1.336212E+002 0 0
32 10600000000.0 -8.489437E+001  1.317862E+002 0 0
33 10650000000.0 -8.494388E+001  1.395794E+002 0 0
34 10700000000.0 -8.058499E+001  9.307704E+001 0 0
35 10750000000.0 -8.485894E+001  7.466567E+001 0 0
36 10800000000.0 -8.490312E+001  8.123593E+001 0 0
37 10850000000.0 -8.002016E+001  3.770856E+001 0 0
38 10900000000.0 -8.583188E+001  3.898946E+001 0 0
39 10950000000.0 -9.059081E+001  4.297624E+001 0 0
40 11000000000.0 -8.567814E+001  3.904267E+000 0 0
41 11050000000.0 -8.433545E+001  2.751645E+001 0 0
42 11100000000.0 -8.587372E+001  7.138132E+000 0 0
43 11150000000.0 -8.523836E+001  3.291954E+001 0 0
44 11200000000.0 -8.668399E+001  8.221595E+000 0 0
45 11250000000.0 -8.540501E+001  3.717795E+001 0 0
46 11300000000.0 -8.323650E+001 -2.485140E-002 0 0
47 11350000000.0 -8.435274E+001 -2.491035E+001 0 0
48 11400000000.0 -7.778086E+001 -1.760295E+001 0 0
49 11450000000.0 -7.678885E+001 -3.749892E+001 0 0
50 11500000000.0 -7.768103E+001 -6.761173E+001 0 0
51 11550000000.0 -7.698828E+001 -1.082287E+002 0 0
52 11600000000.0 -7.552177E+001 -1.146887E+002 0 0
53 11650000000.0 -7.808578E+001 -1.432736E+002 0 0
54 11700000000.0 -7.832182E+001 -1.601153E+002 0 0
55 11750000000.0 -7.922891E+001  1.788004E+002 0 0
56 11800000000.0 -8.063240E+001  1.547844E+002 0 0
57 11850000000.0 -8.612937E+001  9.713259E+001 0 0
58 11900000000.0 -8.459992E+001  7.011980E+001 0 0
59 11950000000.0 -8.704536E+001 -3.728011E+001 0 0
60 12000000000.0 -8.560707E+001 -5.585657E+001 0 0
61 12050000000.0 -8.735887E+001 -1.238974E+002 0 0
62 12100000000.0 -8.007885E+001 -1.219653E+002 0 0
63 12150000000.0 -7.850104E+001 -1.529176E+002 0 0
64 12200000000.0 -7.677280E+001 -1.626961E+002 0 0
65 12250000000.0 -7.545632E+001  1.720734E+002 0 0
66 12300000000.0 -7.612769E+001  1.557538E+002 0 0
67 12350000000.0 -7.493352E+001  1.321589E+002 0 0
68 12400000000.0 -7.476907E+001  1.045850E+002 0 0
69 12450000000.0 -7.543718E+001  9.735452E+001 0 0
70 12500000000.0 -7.609513E+001  6.407081E+001 0 0
71 12550000000.0 -7.678226E+001  5.578885E+001 0 0
72 12600000000.0 -7.543662E+001  3.483013E+001 0 0
73 12650000000.0 -7.780574E+001  1.480117E+001 0 0
74 12700000000.0 -7.585442E+001 -1.476579E+001 0 0
75 12750000000.0 -7.673553E+001 -2.117840E+001 0 0
76 12800000000.0 -7.743371E+001 -5.559715E+001 0 0
77 12850000000.0 -7.620442E+001 -7.548189E+001 0 0
78 12900000000.0 -7.698450E+001 -9.967971E+001 0 0
79 12950000000.0 -8.004091E+001 -1.254930E+002 0 0
80 13000000000.0 -8.142933E+001 -1.295737E+002 0 0
81 13050000000.0 -8.160546E+001 -1.555344E+002 0 0
82 13100000000.0 -8.286694E+001  1.481324E+002 0 0
83 13150000000.0 -8.276176E+001  1.348195E+002 0 0
84 13200000000.0 -8.409949E+001  9.794906E+001 0 0
85 13250000000.0 -8.180828E+001  8.372185E+001 0 0
86 13300000000.0 -8.357407E+001  2.671066E+000 0 0
87 13350000000.0 -8.550880E+001 -2.352411E+001 0 0
88 13400000000.0 -8.414211E+001 -3.100489E+001 0 0
89 13450000000.0 -8.121617E+001 -5.815918E+001 0 0
90 13500000000.0 -8.380958E+001 -9.617207E+001 0 0
91 13550000000.0 -8.548394E+001 -1.252427E+002 0 0
92 13600000000.0 -8.719327E+001 -1.462784E+002 0 0
93 13650000000.0 -8.880729E+001 -1.697015E+002 0 0
94 13700000000.0 -9.253066E+001  1.193086E+002 0 0
95 13750000000.0 -1.045008E+002  7.633271E+001 0 0
96 13800000000.0 -9.885395E+001  1.283019E+002 0 0
97 13850000000.0 -9.323253E+001 -1.337095E+002 0 0
98 13900000000.0 -9.438224E+001 -1.291952E+002 0 0
99 13950000000.0 -9.912522E+001 -1.179923E+002 0 0
100 14000000000.0 -9.786743E+001 -8.716663E+001 0 0
101 14050000000.0 -1.034136E+002 -1.556853E+002 0 0
102 14100000000.0 -1.015572E+002  1.482782E+002 0 0
103 14150000000.0 -9.937131E+001  1.507710E+002 0 0
104 14200000000.0 -1.040578E+002 -1.556448E+002 0 0
105 14250000000.0 -1.011612E+002 -1.172946E+002 0 0
106 14300000000.0 -1.135901E+002  6.182019E+001 0 0
107 14350000000.0 -1.018805E+002 -1.181438E+002 0 0
108 14400000000.0 -9.532397E+001 -1.093147E+002 0 0
109 14450000000.0 -9.964880E+001 -1.239182E+002 0 0
110 14500000000.0 -1.063453E+002 -1.687746E+002 0 0
111 14550000000.0 -9.399724E+001 -1.599624E+002 0 0
112 14600000000.0 -9.788193E+001  1.545105E+002 0 0
113 14650000000.0 -8.921090E+001  1.034746E+002 0 0
114 14700000000.0 -8.711084E+001  1.477954E+002 0 0
115 14750000000.0 -9.208457E+001  1.089736E+002 0 0
116 14800000000.0 -8.825296E+001  7.693861E+001 0 0
117 14850000000.0 -1.022161E+002  1.024890E+002 0 0
118 14900000000.0 -8.757063E+001  1.087221E+002 0 0
119 14950000000.0 -8.884365E+001  9.972255E+001 0 0
120 15000000000.0 -8.434548E+001  1.012925E+002 0 0
121 15050000000.0 -9.139441E+001  1.712622E+002 0 0
122 15100000000.0 -8.332717E+001  7.978841E+001 0 0
123 15150000000.0 -8.116065E+001  5.387056E+001 0 0
124 15200000000.0 -8.220348E+001  3.707603E+001 0 0
125 15250000000.0 -8.336376E+001 -2.691252E+000 0 0
126 15300000000.0 -8.149715E+001 -1.856469E+001 0 0
127 15350000000.0 -9.562984E+001 -6.914436E+001 0 0
128 15400000000.0 -8.721172E+001 -5.177153E+001 0 0
129 15450000000.0 -8.352622E+001 -1.199737E+002 0 0
130 15500000000.0 -8.553075E+001 -1.266245E+002 0 0
131 15550000000.0 -8.813284E+001  1.748966E+002 0 0
132 15600000000.0 -8.625058E+001 -1.744945E+002 0 0
133 15650000000.0 -8.198343E+001  1.698331E+002 0 0
134 15700000000.0 -8.458650E+001  1.631938E+002 0 0
135 15750000000.0 -7.892448E+001  1.171680E+002 0 0
136 15800000000.0 -7.847398E+001  9.482290E+001 0 0
137 15850000000.0 -7.888797E+001  7.450546E+001 0 0
138 15900000000.0 -8.087592E+001  5.323012E+001 0 0
139 15950000000.0 -7.800563E+001  4.327461E+001 0 0
140 16000000000.0 -8.162787E+001  1.143980E+001 0 0
141 16050000000.0 -7.944276E+001 -2.122511E+001 0 0
142 16100000000.0 -8.056594E+001 -2.298218E+001 0 0
143 16150000000.0 -8.098851E+001 -5.083462E+001 0 0
144 16200000000.0 -8.054309E+001 -6.104257E+001 0 0
145 16250000000.0 -7.971986E+001 -7.627064E+001 0 0
146 16300000000.0 -8.020298E+001 -9.454391E+001 0 0
147 16350000000.0 -7.994978E+001 -8.840788E+001 0 0
148 16400000000.0 -7.846094E+001 -1.276695E+002 0 0
149 16450000000.0 -7.845870E+001 -1.211297E+002 0 0
150 16500000000.0 -8.022190E+001 -1.336687E+002 0 0
151 16550000000.0 -7.838980E+001 -1.610975E+002 0 0
152 16600000000.0 -7.866424E+001 -1.628056E+002 0 0
153 16650000000.0 -7.894781E+001 -1.780704E+002 0 0
154 16700000000.0 -7.894233E+001  1.739978E+002 0 0
155 16750000000.0 -7.693411E+001  1.449638E+002 0 0
156 16800000000.0 -7.948399E+001  1.459328E+002 0 0
157 16850000000.0 -8.148746E+001  1.380553E+002 0 0
158 16900000000.0 -8.492294E+001  1.037024E+002 0 0
159 16950000000.0 -8.177565E+001  1.330473E+002 0 0
160 17000000000.0 -8.075487E+001  1.155011E+002 0 0
161 17050000000.0 -8.753523E+001  1.783185E+002 0 0
162 17100000000.0 -7.873904E+001  1.311704E+002 0 0
163 17150000000.0 -7.505769E+001  1.347161E+002 0 0
164 17200000000.0 -7.543121E+001  1.020644E+002 0 0
165 17250000000.0 -7.352073E+001  1.019904E+002 0 0
166 17300000000.0 -7.292699E+001  7.183068E+001 0 0
167 17350000000.0 -7.303685E+001  6.239540E+001 0 0
168 17400000000.0 -7.229266E+001  3.745377E+001 0 0
169 17450000000.0 -7.229259E+001  1.845383E+001 0 0
170 17500000000.0 -7.000740E+001 -8.534781E-001 0 0
171 17550000000.0 -7.083091E+001 -7.653657E+000 0 0
172 17600000000.0 -6.985862E+001 -1.977330E+001 0 0
173 17650000000.0 -7.053725E+001 -4.190736E+001 0 0
174 17700000000.0 -6.996685E+001 -5.697681E+001 0 0
175 17750000000.0 -7.057089E+001 -7.919361E+001 0 0
176 17800000000.0 -7.059938E+001 -8.180027E+001 0 0
177 17850000000.0 -7.087323E+001 -1.114059E+002 0 0
178 17900000000.0 -7.332006E+001 -1.158085E+002 0 0
179 17950000000.0 -7.160439E+001 -1.416287E+002 0 0
180 18000000000.0 -7.352126E+001 -1.437237E+002 0 0
181 18050000000.0 -7.354702E+001 -1.677465E+002 0 0
182 18100000000.0 -7.425105E+001  1.790226E+002 0 0
183 18150000000.0 -7.683781E+001  1.750947E+002 0 0
184 18200000000.0 -8.139988E+001  1.788872E+002 0 0
185 18250000000.0 -8.666366E+001 -1.635704E+002 0 0
186 18300000000.0 -7.842328E+001  1.794597E+002 0 0
187 18350000000.0 -7.535147E+001 -1.690044E+002 0 0
188 18400000000.0 -7.231185E+001 -1.747459E+002 0 0
189 18450000000.0 -7.195710E+001  1.570851E+002 0 0
190 18500000000.0 -7.102673E+001  1.327683E+002 0 0
191 18550000000.0 -6.994303E+001  1.230137E+002 0 0
192 18600000000.0 -7.033424E+001  1.074022E+002 0 0
193 18650000000.0 -6.875188E+001  9.200926E+001 0 0
194 18700000000.0 -6.862193E+001  7.515028E+001 0 0
195 18750000000.0 -6.786211E+001  6.646516E+001 0 0
196 18800000000.0 -6.823524E+001  4.804294E+001 0 0
197 18850000000.0 -6.801917E+001  2.823649E+001 0 0
198 18900000000.0 -6.805484E+001  2.048129E+000 0 0
199 18950000000.0 -6.825358E+001 -2.152953E+001 0 0
200 19000000000.0 -6.849158E+001 -2.559434E+001 0 0
