0 9000000000.0 -7.130666E+001  1.467728E+002 0 0
1 9050000000.0 -7.390958E+001  1.067107E+002 0 0
2 9100000000.0 -7.431796E+001  8.949549E+001 0 0
3 9150000000.0 -7.286300E+001  7.775121E+001 0 0
4 9200000000.0 -7.319131E+001  3.141381E+001 0 0
5 9250000000.0 -7.374979E+001  1.683830E+001 0 0
6 9300000000.0 -7.278813E+001 -1.487449E+001 0 0
7 9350000000.0 -7.444872E+001 -4.664745E+001 0 0
8 9400000000.0 -7.349965E+001 -6.879021E+001 0 0
9 9450000000.0 -7.006211E+001 -9.329546E+001 0 0
10 9500000000.0 -7.352615E+001 -1.204106E+002 0 0
11 9550000000.0 -7.669082E+001 -1.646333E+002 0 0
12 9600000000.0 -7.350804E+001  1.735341E+002 0 0
13 9650000000.0 -7.244380E+001  1.434857E+002 0 0
14 9700000000.0 -7.292147E+001  1.099262E+002 0 0
15 9750000000.0 -7.264680E+001  8.457404E+001 0 0
16 9800000000.0 -7.284089E+001  4.388722E+001 0 0
17 9850000000.0 -7.279578E+001  2.054728E+000 0 0
18 9900000000.0 -7.067666E+001 -1.879659E+001 0 0
19 9950000000.0 -7.322143E+001 -5.380822E+001 0 0
20 10000000000.0 -7.088593E+001 -7.373978E+001 0 0
21 10050000000.0 -6.998480E+001 -1.254539E+002 0 0
22 10100000000.0 -7.072825E+001 -1.523281E+002 0 0
23 10150000000.0 -7.101321E+001  1.750172E+002 0 0
24 10200000000.0 -7.254047E+001  1.600936E+002 0 0
25 10250000000.0 -7.156277E+001  1.199606E+002 0 0
26 10300000000.0 -7.409829E+001  7.981960E+001 0 0
27 10350000000.0 -7.365549E+001  5.513156E+001 0 0
28 10400000000.0 -7.197335E+001  3.933674E+001 0 0
29 10450000000.0 -7.485656E+001  1.282586E+001 0 0
30 10500000000.0 -7.243915E+001 -2.510028E+001 0 0
31 10550000000.0 -7.433865E+001 -5.459354E+001 0 0
32 10600000000.0 -7.637238E+001 -8.086869E+001 0 0
33 10650000000.0 -7.546266E+001 -1.223672E+002 0 0
34 10700000000.0 -7.732916E+001 -1.463013E+002 0 0
35 10750000000.0 -7.571961E+001 -1.769184E+002 0 0
36 10800000000.0 -7.363435E+001  1.353702E+002 0 0
37 10850000000.0 -7.391259E+001  1.212350E+002 0 0
38 10900000000.0 -7.201974E+001  7.879417E+001 0 0
39 10950000000.0 -7.276224E+001  5.833812E+001 0 0
40 11000000000.0 -7.283996E+001  3.689722E+001 0 0
41 11050000000.0 -7.296365E+001 -2.663824E+000 0 0
42 11100000000.0 -7.285726E+001 -3.724773E+001 0 0
43 11150000000.0 -7.261457E+001 -6.176523E+001 0 0
44 11200000000.0 -7.375239E+001 -8.808551E+001 0 0
45 11250000000.0 -7.356332E+001 -1.188736E+002 0 0
46 11300000000.0 -7.453417E+001 -1.438709E+002 0 0
47 11350000000.0 -7.342007E+001 -1.543131E+002 0 0
48 11400000000.0 -7.308311E+001  1.664382E+002 0 0
49 11450000000.0 -7.512941E+001  1.467388E+002 0 0
50 11500000000.0 -7.307523E+001  1.154222E+002 0 0
51 11550000000.0 -7.652105E+001  7.511752E+001 0 0
52 11600000000.0 -7.275525E+001  4.504229E+001 0 0
53 11650000000.0 -7.494375E+001  2.201461E+001 0 0
54 11700000000.0 -7.568489E+001 -4.470356E+000 0 0
55 11750000000.0 -7.419923E+001 -4.549384E+001 0 0
56 11800000000.0 -7.461363E+001 -7.582286E+001 0 0
57 11850000000.0 -7.368893E+001 -9.692640E+001 0 0
58 11900000000.0 -7.324660E+001 -1.443517E+002 0 0
59 11950000000.0 -7.225364E+001  1.791253E+002 0 0
60 12000000000.0 -7.326785E+001  1.495740E+002 0 0
61 12050000000.0 -7.355308E+001  1.213837E+002 0 0
62 12100000000.0 -7.243260E+001  8.785777E+001 0 0
63 12150000000.0 -7.270654E+001  6.008599E+001 0 0
64 12200000000.0 -7.272097E+001  2.889579E+001 0 0
65 12250000000.0 -7.308040E+001 -5.643422E+000 0 0
66 12300000000.0 -7.230112E+001 -2.951069E+001 0 0
67 12350000000.0 -7.277977E+001 -5.940747E+001 0 0
68 12400000000.0 -7.320499E+001 -8.710436E+001 0 0
69 12450000000.0 -7.239225E+001 -1.249001E+002 0 0
70 12500000000.0 -7.175294E+001 -1.542211E+002 0 0
71 12550000000.0 -7.038396E+001  1.708222E+002 0 0
72 12600000000.0 -7.196776E+001  1.318916E+002 0 0
73 12650000000.0 -7.123494E+001  1.094120E+002 0 0
74 12700000000.0 -7.189139E+001  5.871591E+001 0 0
75 12750000000.0 -7.228506E+001  3.691467E+001 0 0
76 12800000000.0 -7.048516E+001  2.792251E+000 0 0
77 12850000000.0 -7.061135E+001 -2.968164E+001 0 0
78 12900000000.0 -7.045983E+001 -6.286576E+001 0 0
79 12950000000.0 -7.106634E+001 -9.159734E+001 0 0
80 13000000000.0 -7.105691E+001 -1.255984E+002 0 0
81 13050000000.0 -7.211491E+001 -1.613644E+002 0 0
82 13100000000.0 -7.127267E+001  1.779285E+002 0 0
83 13150000000.0 -7.133607E+001  1.498740E+002 0 0
84 13200000000.0 -7.212280E+001  1.112662E+002 0 0
85 13250000000.0 -7.131187E+001  8.123209E+001 0 0
86 13300000000.0 -7.272674E+001  4.399676E+001 0 0
87 13350000000.0 -7.453983E+001  9.112077E+000 0 0
88 13400000000.0 -7.313119E+001 -1.896854E+001 0 0
89 13450000000.0 -7.407542E+001 -5.377575E+001 0 0
90 13500000000.0 -7.472131E+001 -9.631511E+001 0 0
91 13550000000.0 -7.342656E+001 -1.240350E+002 0 0
92 13600000000.0 -7.545824E+001 -1.593694E+002 0 0
93 13650000000.0 -7.409112E+001  1.660004E+002 0 0
94 13700000000.0 -7.387311E+001  1.358134E+002 0 0
95 13750000000.0 -7.444736E+001  1.129786E+002 0 0
96 13800000000.0 -7.558156E+001  8.098274E+001 0 0
97 13850000000.0 -7.533593E+001  5.757121E+001 0 0
98 13900000000.0 -7.652084E+001  2.734936E+001 0 0
99 13950000000.0 -7.666058E+001 -3.934012E+000 0 0
100 14000000000.0 -7.756631E+001 -3.665012E+001 0 0
101 14050000000.0 -8.131296E+001 -6.314506E+001 0 0
102 14100000000.0 -8.828561E+001 -1.028862E+002 0 0
103 14150000000.0 -8.742529E+001 -1.239314E+002 0 0
104 14200000000.0 -8.927692E+001 -1.334846E+002 0 0
105 14250000000.0 -8.837505E+001 -1.389508E+002 0 0
106 14300000000.0 -8.639948E+001  1.789054E+002 0 0
107 14350000000.0 -8.364639E+001  1.182567E+002 0 0
108 14400000000.0 -7.940398E+001  8.938525E+001 0 0
109 14450000000.0 -7.916775E+001  6.726706E+001 0 0
110 14500000000.0 -7.754100E+001  4.191560E+001 0 0
111 14550000000.0 -7.558582E+001  1.668989E+001 0 0
112 14600000000.0 -7.213800E+001 -2.148755E+001 0 0
113 14650000000.0 -7.232169E+001 -5.345928E+001 0 0
114 14700000000.0 -7.229420E+001 -9.358440E+001 0 0
115 14750000000.0 -7.070790E+001 -1.225565E+002 0 0
116 14800000000.0 -7.125173E+001 -1.472254E+002 0 0
117 14850000000.0 -7.236266E+001  1.797555E+002 0 0
118 14900000000.0 -7.361005E+001  1.503279E+002 0 0
119 14950000000.0 -7.455558E+001  1.288533E+002 0 0
120 15000000000.0 -7.604361E+001  1.082365E+002 0 0
121 15050000000.0 -7.533389E+001  7.581362E+001 0 0
122 15100000000.0 -7.929126E+001  4.472516E+001 0 0
123 15150000000.0 -8.064436E+001  4.961117E+000 0 0
124 15200000000.0 -8.135757E+001 -3.381900E+001 0 0
125 15250000000.0 -8.304404E+001 -8.687462E+001 0 0
126 15300000000.0 -8.175798E+001 -1.084330E+002 0 0
127 15350000000.0 -8.074230E+001 -1.499701E+002 0 0
128 15400000000.0 -8.027823E+001  1.460582E+002 0 0
129 15450000000.0 -7.942294E+001  1.207074E+002 0 0
130 15500000000.0 -7.761819E+001  1.019499E+002 0 0
131 15550000000.0 -7.842110E+001  7.353045E+001 0 0
132 15600000000.0 -7.974010E+001  3.968555E+001 0 0
133 15650000000.0 -7.571696E+001  3.087331E+001 0 0
134 15700000000.0 -7.647759E+001  3.853257E+000 0 0
135 15750000000.0 -7.569376E+001 -8.388439E+000 0 0
136 15800000000.0 -7.728855E+001 -4.006420E+001 0 0
137 15850000000.0 -7.854064E+001 -6.305804E+001 0 0
138 15900000000.0 -7.780189E+001 -9.996280E+001 0 0
139 15950000000.0 -7.869752E+001 -1.453537E+002 0 0
140 16000000000.0 -8.256450E+001 -1.550551E+002 0 0
141 16050000000.0 -8.338875E+001  1.422582E+002 0 0
142 16100000000.0 -8.385226E+001  1.168706E+002 0 0
143 16150000000.0 -8.399764E+001  4.769912E+001 0 0
144 16200000000.0 -8.359780E+001 -3.012703E+000 0 0
145 16250000000.0 -8.106851E+001 -1.162595E+001 0 0
146 16300000000.0 -8.004960E+001 -1.908197E+001 0 0
147 16350000000.0 -8.050206E+001 -5.993605E+001 0 0
148 16400000000.0 -7.609516E+001 -8.664349E+001 0 0
149 16450000000.0 -7.629213E+001 -1.123983E+002 0 0
150 16500000000.0 -7.616798E+001 -1.381329E+002 0 0
151 16550000000.0 -7.892805E+001 -1.730832E+002 0 0
152 16600000000.0 -8.049740E+001  1.775087E+002 0 0
153 16650000000.0 -8.435544E+001  1.776469E+002 0 0
154 16700000000.0 -8.627451E+001 -1.786262E+002 0 0
155 16750000000.0 -8.816142E+001  1.660723E+002 0 0
156 16800000000.0 -8.245408E+001 -1.493487E+002 0 0
157 16850000000.0 -7.747913E+001 -1.661870E+002 0 0
158 16900000000.0 -7.472489E+001  1.706889E+002 0 0
159 16950000000.0 -7.449931E+001  1.557995E+002 0 0
160 17000000000.0 -7.133161E+001  1.301889E+002 0 0
161 17050000000.0 -7.037192E+001  1.033201E+002 0 0
162 17100000000.0 -6.987090E+001  8.082840E+001 0 0
163 17150000000.0 -6.932546E+001  5.520393E+001 0 0
164 17200000000.0 -6.800493E+001  3.910225E+001 0 0
165 17250000000.0 -6.771579E+001  1.500623E+001 0 0
166 17300000000.0 -6.729714E+001 -9.461462E+000 0 0
167 17350000000.0 -6.848391E+001 -2.798037E+001 0 0
168 17400000000.0 -6.634758E+001 -4.780110E+001 0 0
169 17450000000.0 -6.811255E+001 -7.836706E+001 0 0
170 17500000000.0 -6.865496E+001 -9.262171E+001 0 0
171 17550000000.0 -6.853802E+001 -1.129958E+002 0 0
172 17600000000.0 -6.868345E+001 -1.366294E+002 0 0
173 17650000000.0 -7.057867E+001 -1.728591E+002 0 0
174 17700000000.0 -7.207757E+001 -1.787232E+002 0 0
175 17750000000.0 -7.184624E+001  1.542692E+002 0 0
176 17800000000.0 -7.400763E+001  1.323998E+002 0 0
177 17850000000.0 -7.739167E+001  1.184633E+002 0 0
178 17900000000.0 -7.879231E+001  9.996790E+001 0 0
179 17950000000.0 -7.795556E+001  7.187565E+001 0 0
180 18000000000.0 -8.247067E+001  5.881688E+001 0 0
181 18050000000.0 -9.026134E+001 -9.114662E+000 0 0
182 18100000000.0 -9.804922E+001 -3.213332E+001 0 0
183 18150000000.0 -8.491523E+001 -9.129871E+001 0 0
184 18200000000.0 -8.255406E+001 -1.297513E+002 0 0
185 18250000000.0 -7.651590E+001 -1.669026E+002 0 0
186 18300000000.0 -7.630649E+001  1.584794E+002 0 0
187 18350000000.0 -7.406665E+001  1.267811E+002 0 0
188 18400000000.0 -7.456262E+001  1.116797E+002 0 0
189 18450000000.0 -7.313950E+001  7.760791E+001 0 0
190 18500000000.0 -7.237267E+001  5.519837E+001 0 0
191 18550000000.0 -7.154382E+001  4.020221E+001 0 0
192 18600000000.0 -7.160098E+001  9.916201E+000 0 0
193 18650000000.0 -7.133566E+001 -1.055836E+001 0 0
194 18700000000.0 -7.165135E+001 -3.440013E+001 0 0
195 18750000000.0 -7.311097E+001 -5.610684E+001 0 0
196 18800000000.0 -7.312218E+001 -7.624941E+001 0 0
197 18850000000.0 -7.396268E+001 -1.007582E+002 0 0
198 18900000000.0 -7.567452E+001 -1.317017E+002 0 0
199 18950000000.0 -7.704793E+001 -1.611145E+002 0 0
200 19000000000.0 -7.996865E+001  1.715771E+002 0 0
