0 5000000000.0 -8.270077E+001 -1.486990E+002 0 0
1 5050000000.0 -7.981918E+001  1.326182E+001 0 0
2 5100000000.0 -7.848954E+001 -1.397781E+002 0 0
3 5150000000.0 -7.839917E+001  1.059885E+002 0 0
4 5200000000.0 -8.493171E+001 -1.538050E+001 0 0
5 5250000000.0 -8.248808E+001  1.343781E+002 0 0
6 5300000000.0 -7.569998E+001  1.505049E+001 0 0
7 5350000000.0 -8.369248E+001 -1.015881E+002 0 0
8 5400000000.0 -7.868650E+001  2.486571E+001 0 0
9 5450000000.0 -7.499702E+001 -9.593916E+001 0 0
10 5500000000.0 -8.278321E+001  6.015021E+001 0 0
11 5550000000.0 -7.808464E+001 -7.485262E+001 0 0
12 5600000000.0 -8.676564E+001  1.766127E+002 0 0
13 5650000000.0 -8.439540E+001 -9.373351E+001 0 0
14 5700000000.0 -8.013515E+001  1.753453E+002 0 0
15 5750000000.0 -8.726754E+001  1.639245E+002 0 0
16 5800000000.0 -8.093080E+001  1.154305E+002 0 0
17 5850000000.0 -7.718966E+001  5.776479E+001 0 0
18 5900000000.0 -7.950650E+001  1.912198E+001 0 0
19 5950000000.0 -8.069378E+001 -2.467550E+001 0 0
20 6000000000.0 -7.934081E+001 -4.348177E+001 0 0
21 6050000000.0 -7.766223E+001 -7.809389E+001 0 0
22 6100000000.0 -7.920502E+001 -1.088676E+002 0 0
23 6150000000.0 -7.887570E+001 -1.484986E+002 0 0
24 6200000000.0 -7.803003E+001 -1.654524E+002 0 0
25 6250000000.0 -7.945799E+001  1.698176E+002 0 0
26 6300000000.0 -7.898357E+001  1.500446E+002 0 0
27 6350000000.0 -8.110774E+001  1.105903E+002 0 0
28 6400000000.0 -7.935500E+001  9.930762E+001 0 0
29 6450000000.0 -8.026877E+001  7.511604E+001 0 0
30 6500000000.0 -8.063731E+001  3.703328E+001 0 0
31 6550000000.0 -8.074361E+001  1.909602E+001 0 0
32 6600000000.0 -8.169745E+001 -2.823108E+001 0 0
33 6650000000.0 -8.781913E+001 -5.172933E+001 0 0
34 6700000000.0 -8.189944E+001 -1.028979E+002 0 0
35 6750000000.0 -8.331541E+001 -1.222602E+002 0 0
36 6800000000.0 -8.442261E+001 -1.673425E+002 0 0
37 6850000000.0 -8.602475E+001  1.534592E+002 0 0
38 6900000000.0 -8.548539E+001  1.157323E+002 0 0
39 6950000000.0 -8.532943E+001  8.792162E+001 0 0
40 7000000000.0 -8.442906E+001  7.442060E+001 0 0
41 7050000000.0 -8.371927E+001  4.887883E+001 0 0
42 7100000000.0 -8.270850E+001 -1.880766E+001 0 0
43 7150000000.0 -8.985154E+001 -6.341766E+001 0 0
44 7200000000.0 -8.996883E+001 -3.163107E+001 0 0
45 7250000000.0 -8.720631E+001 -7.372894E+001 0 0
46 7300000000.0 -9.292793E+001 -6.980894E+001 0 0
47 7350000000.0 -8.853020E+001 -1.582897E+002 0 0
48 7400000000.0 -8.849863E+001  1.748518E+002 0 0
49 7450000000.0 -8.541040E+001  1.623710E+002 0 0
50 7500000000.0 -8.563744E+001  1.004442E+002 0 0
51 7550000000.0 -8.665938E+001  5.692649E+001 0 0
52 7600000000.0 -8.781860E+001  1.917779E+001 0 0
53 7650000000.0 -8.090311E+001 -1.059670E+001 0 0
54 7700000000.0 -8.047005E+001 -7.248452E+001 0 0
55 7750000000.0 -8.062839E+001 -7.957324E+001 0 0
56 7800000000.0 -7.701579E+001 -1.150691E+002 0 0
57 7850000000.0 -7.455364E+001 -1.552286E+002 0 0
58 7900000000.0 -7.226752E+001  1.703796E+002 0 0
59 7950000000.0 -7.483134E+001  1.403546E+002 0 0
60 8000000000.0 -7.502845E+001  1.374062E+002 0 0
61 8050000000.0 -7.644702E+001  9.902124E+001 0 0
62 8100000000.0 -7.840318E+001  6.028371E+001 0 0
63 8150000000.0 -7.364608E+001  3.660900E+001 0 0
64 8200000000.0 -7.739197E+001 -6.425188E+000 0 0
65 8250000000.0 -7.536118E+001  4.777037E+000 0 0
66 8300000000.0 -7.507877E+001 -2.890689E+001 0 0
67 8350000000.0 -7.533127E+001 -8.202800E+001 0 0
68 8400000000.0 -8.351074E+001 -7.044516E+001 0 0
69 8450000000.0 -7.683379E+001 -9.563853E+001 0 0
70 8500000000.0 -8.134825E+001 -1.667168E+002 0 0
71 8550000000.0 -7.884059E+001  1.774000E+002 0 0
72 8600000000.0 -7.942983E+001  1.615356E+002 0 0
73 8650000000.0 -8.673378E+001  1.480653E+002 0 0
74 8700000000.0 -7.902452E+001  1.206747E+002 0 0
75 8750000000.0 -7.712326E+001  5.990859E+001 0 0
76 8800000000.0 -7.674116E+001  3.994545E+001 0 0
77 8850000000.0 -7.715086E+001 -1.204095E+001 0 0
78 8900000000.0 -8.182214E+001 -9.248072E+000 0 0
79 8950000000.0 -8.161696E+001 -5.906808E+001 0 0
80 9000000000.0 -7.862253E+001 -9.215593E+001 0 0
81 9050000000.0 -7.962752E+001 -1.196849E+002 0 0
82 9100000000.0 -7.820700E+001 -1.364449E+002 0 0
83 9150000000.0 -8.012007E+001 -1.724722E+002 0 0
84 9200000000.0 -7.965501E+001  1.735954E+002 0 0
85 9250000000.0 -7.821730E+001  1.777351E+002 0 0
86 9300000000.0 -7.956403E+001  1.140476E+002 0 0
87 9350000000.0 -8.082407E+001  1.190110E+002 0 0
88 9400000000.0 -8.217787E+001  9.339620E+001 0 0
89 9450000000.0 -8.182900E+001  6.381944E+001 0 0
90 9500000000.0 -8.495767E+001  2.490539E+001 0 0
91 9550000000.0 -7.930171E+001  1.740665E+001 0 0
92 9600000000.0 -7.971528E+001  5.276052E+000 0 0
93 9650000000.0 -8.220758E+001 -1.960272E+001 0 0
94 9700000000.0 -8.027415E+001 -8.546795E+001 0 0
95 9750000000.0 -8.952306E+001 -8.281133E+001 0 0
96 9800000000.0 -8.466112E+001 -1.449885E+002 0 0
97 9850000000.0 -8.161946E+001 -1.327983E+002 0 0
98 9900000000.0 -8.199902E+001  1.719839E+002 0 0
99 9950000000.0 -8.371042E+001  1.309768E+002 0 0
100 10000000000.0 -7.976311E+001  1.078975E+002 0 0
101 10050000000.0 -8.219167E+001  9.668949E+001 0 0
102 10100000000.0 -8.263020E+001  2.374704E+001 0 0
103 10150000000.0 -8.431906E+001  1.145953E+001 0 0
104 10200000000.0 -8.486228E+001 -1.522662E+001 0 0
105 10250000000.0 -8.222871E+001 -5.871336E+001 0 0
106 10300000000.0 -8.712764E+001 -1.397076E+002 0 0
107 10350000000.0 -8.434792E+001 -1.146037E+002 0 0
108 10400000000.0 -8.662991E+001 -1.230257E+002 0 0
109 10450000000.0 -8.706597E+001 -1.683525E+002 0 0
110 10500000000.0 -8.312994E+001  1.191372E+002 0 0
111 10550000000.0 -8.376550E+001  9.335736E+001 0 0
112 10600000000.0 -8.406831E+001  5.107952E+001 0 0
113 10650000000.0 -9.017581E+001  3.065863E+001 0 0
114 10700000000.0 -8.211083E+001  2.766529E+001 0 0
115 10750000000.0 -8.258748E+001 -3.257044E+001 0 0
116 10800000000.0 -8.457860E+001 -6.117057E+001 0 0
117 10850000000.0 -8.210315E+001 -9.550363E+001 0 0
118 10900000000.0 -8.081776E+001 -1.147134E+002 0 0
119 10950000000.0 -8.314819E+001 -1.527382E+002 0 0
120 11000000000.0 -8.042625E+001 -1.763793E+002 0 0
121 11050000000.0 -8.065682E+001 -1.788163E+002 0 0
122 11100000000.0 -7.830994E+001  1.469241E+002 0 0
123 11150000000.0 -8.004547E+001  1.097802E+002 0 0
124 11200000000.0 -7.997350E+001  1.021135E+002 0 0
125 11250000000.0 -8.008529E+001  5.958133E+001 0 0
126 11300000000.0 -8.332271E+001  7.609437E+001 0 0
127 11350000000.0 -7.898776E+001  1.269406E+001 0 0
128 11400000000.0 -8.119157E+001  2.133442E+000 0 0
129 11450000000.0 -8.506654E+001 -6.068905E+001 0 0
130 11500000000.0 -8.093311E+001 -7.431497E+001 0 0
131 11550000000.0 -8.565930E+001 -1.070175E+002 0 0
132 11600000000.0 -8.172859E+001 -1.453832E+002 0 0
133 11650000000.0 -8.801788E+001 -1.654602E+002 0 0
134 11700000000.0 -8.743493E+001  1.278019E+002 0 0
135 11750000000.0 -8.491367E+001  1.400511E+002 0 0
136 11800000000.0 -8.415094E+001  7.843813E+001 0 0
137 11850000000.0 -8.344395E+001  4.767818E+001 0 0
138 11900000000.0 -7.943345E+001  1.979348E+001 0 0
139 11950000000.0 -7.930061E+001 -1.771754E+001 0 0
140 12000000000.0 -7.870331E+001 -3.320943E+001 0 0
141 12050000000.0 -7.914696E+001 -8.480558E+001 0 0
142 12100000000.0 -7.809914E+001 -1.125459E+002 0 0
143 12150000000.0 -7.969011E+001 -1.428392E+002 0 0
144 12200000000.0 -7.789358E+001 -1.496974E+002 0 0
145 12250000000.0 -7.720471E+001  1.575786E+002 0 0
146 12300000000.0 -8.019661E+001  1.396887E+002 0 0
147 12350000000.0 -7.878155E+001  9.634840E+001 0 0
148 12400000000.0 -7.718742E+001  7.107146E+001 0 0
149 12450000000.0 -7.762379E+001  3.525742E+001 0 0
150 12500000000.0 -7.789986E+001 -5.339724E+000 0 0
151 12550000000.0 -7.862728E+001 -5.325665E+001 0 0
152 12600000000.0 -7.622636E+001 -9.046281E+001 0 0
153 12650000000.0 -7.648423E+001 -1.218868E+002 0 0
154 12700000000.0 -7.565489E+001 -1.503623E+002 0 0
155 12750000000.0 -7.713327E+001  1.717175E+002 0 0
156 12800000000.0 -7.537946E+001  1.482649E+002 0 0
157 12850000000.0 -7.570260E+001  1.054514E+002 0 0
158 12900000000.0 -7.597996E+001  7.376244E+001 0 0
159 12950000000.0 -7.492691E+001  5.567490E+001 0 0
160 13000000000.0 -7.458643E+001  1.690585E+001 0 0
161 13050000000.0 -7.526664E+001 -2.088954E+001 0 0
162 13100000000.0 -7.522946E+001 -4.886602E+001 0 0
163 13150000000.0 -7.441814E+001 -6.735733E+001 0 0
164 13200000000.0 -7.464864E+001 -1.090038E+002 0 0
165 13250000000.0 -7.568248E+001 -1.488680E+002 0 0
166 13300000000.0 -7.615609E+001  1.788256E+002 0 0
167 13350000000.0 -7.530389E+001  1.510740E+002 0 0
168 13400000000.0 -7.556413E+001  1.192651E+002 0 0
169 13450000000.0 -7.551185E+001  9.584972E+001 0 0
170 13500000000.0 -7.853410E+001  3.499837E+001 0 0
171 13550000000.0 -7.505510E+001  2.794197E+001 0 0
172 13600000000.0 -7.670632E+001  3.021372E+000 0 0
173 13650000000.0 -7.647639E+001 -2.741140E+001 0 0
174 13700000000.0 -7.856873E+001 -7.132606E+001 0 0
175 13750000000.0 -7.868446E+001 -8.509573E+001 0 0
176 13800000000.0 -7.852550E+001 -1.242821E+002 0 0
177 13850000000.0 -7.848748E+001 -1.590247E+002 0 0
178 13900000000.0 -7.979243E+001  1.564222E+002 0 0
179 13950000000.0 -8.076775E+001  1.105737E+002 0 0
180 14000000000.0 -7.848225E+001  9.089669E+001 0 0
181 14050000000.0 -7.874601E+001  5.416969E+001 0 0
182 14100000000.0 -7.827875E+001  1.638697E+001 0 0
183 14150000000.0 -7.733262E+001 -1.577630E+001 0 0
184 14200000000.0 -7.902932E+001 -5.214739E+001 0 0
185 14250000000.0 -7.721608E+001 -8.349266E+001 0 0
186 14300000000.0 -7.729066E+001 -1.290263E+002 0 0
187 14350000000.0 -8.068124E+001 -1.531521E+002 0 0
188 14400000000.0 -8.130179E+001  1.664763E+002 0 0
189 14450000000.0 -7.764658E+001  1.258911E+002 0 0
190 14500000000.0 -7.833236E+001  1.008979E+002 0 0
191 14550000000.0 -8.014159E+001  6.594060E+001 0 0
192 14600000000.0 -7.714494E+001  3.284343E+001 0 0
193 14650000000.0 -7.653281E+001 -4.330663E+000 0 0
194 14700000000.0 -7.709354E+001 -2.124800E+001 0 0
195 14750000000.0 -7.611446E+001 -6.204600E+001 0 0
196 14800000000.0 -7.782170E+001 -9.000752E+001 0 0
197 14850000000.0 -7.804959E+001 -1.083685E+002 0 0
198 14900000000.0 -7.927323E+001 -1.419289E+002 0 0
199 14950000000.0 -7.840291E+001 -1.625307E+002 0 0
200 15000000000.0 -7.700244E+001  1.608858E+002 0 0
