0 5000000000.0 -7.441736E+001 -5.540265E+001 0 0
1 5050000000.0 -7.265459E+001 -4.213490E+001 0 0
2 5100000000.0 -7.110907E+001 -1.097189E+002 0 0
3 5150000000.0 -7.715204E+001 -1.604962E+002 0 0
4 5200000000.0 -7.596772E+001 -1.207382E+002 0 0
5 5250000000.0 -7.120702E+001  1.787915E+002 0 0
6 5300000000.0 -7.726549E+001  1.237370E+002 0 0
7 5350000000.0 -7.416982E+001  1.535204E+002 0 0
8 5400000000.0 -7.133276E+001  8.369992E+001 0 0
9 5450000000.0 -8.500307E+001  6.665913E+001 0 0
10 5500000000.0 -7.008399E+001  5.055656E+001 0 0
11 5550000000.0 -7.220557E+001 -1.364378E+001 0 0
12 5600000000.0 -7.448249E+001 -3.077796E+000 0 0
13 5650000000.0 -7.121136E+001 -4.875819E+001 0 0
14 5700000000.0 -7.387467E+001 -8.328451E+001 0 0
15 5750000000.0 -7.178185E+001 -1.008889E+002 0 0
16 5800000000.0 -7.288596E+001 -1.359241E+002 0 0
17 5850000000.0 -7.556200E+001 -1.726611E+002 0 0
18 5900000000.0 -7.482741E+001  1.675935E+002 0 0
19 5950000000.0 -7.270176E+001  1.401746E+002 0 0
20 6000000000.0 -7.478474E+001  9.946464E+001 0 0
21 6050000000.0 -7.495911E+001  6.320746E+001 0 0
22 6100000000.0 -7.487317E+001  4.878260E+001 0 0
23 6150000000.0 -7.552992E+001  1.109083E+001 0 0
24 6200000000.0 -7.583066E+001 -2.369817E+001 0 0
25 6250000000.0 -7.568307E+001 -5.246780E+001 0 0
26 6300000000.0 -7.809026E+001 -8.286823E+001 0 0
27 6350000000.0 -7.719190E+001 -1.016584E+002 0 0
28 6400000000.0 -7.639551E+001 -1.499036E+002 0 0
29 6450000000.0 -7.651501E+001  1.751976E+002 0 0
30 6500000000.0 -7.552567E+001  1.541360E+002 0 0
31 6550000000.0 -7.531194E+001  1.229381E+002 0 0
32 6600000000.0 -7.622878E+001  8.904357E+001 0 0
33 6650000000.0 -7.572948E+001  5.658027E+001 0 0
34 6700000000.0 -7.539466E+001  2.367161E+001 0 0
35 6750000000.0 -7.529954E+001 -1.066199E+001 0 0
36 6800000000.0 -7.537909E+001 -3.784719E+001 0 0
37 6850000000.0 -7.605412E+001 -6.226657E+001 0 0
38 6900000000.0 -7.528964E+001 -1.083397E+002 0 0
39 6950000000.0 -7.510011E+001 -1.356790E+002 0 0
40 7000000000.0 -7.502090E+001 -1.668686E+002 0 0
41 7050000000.0 -7.375887E+001  1.605639E+002 0 0
42 7100000000.0 -7.485195E+001  1.330597E+002 0 0
43 7150000000.0 -7.427818E+001  1.132386E+002 0 0
44 7200000000.0 -7.362704E+001  8.842966E+001 0 0
45 7250000000.0 -7.402076E+001  5.022701E+001 0 0
46 7300000000.0 -7.449567E+001  2.076616E+001 0 0
47 7350000000.0 -7.651702E+001 -3.268923E+000 0 0
48 7400000000.0 -7.839533E+001 -2.397925E+001 0 0
49 7450000000.0 -7.703262E+001 -4.820619E+001 0 0
50 7500000000.0 -7.924052E+001 -6.103022E+001 0 0
51 7550000000.0 -7.739801E+001 -7.521087E+001 0 0
52 7600000000.0 -7.763826E+001 -1.122099E+002 0 0
53 7650000000.0 -7.701827E+001 -1.096145E+002 0 0
54 7700000000.0 -7.558273E+001 -1.375178E+002 0 0
55 7750000000.0 -7.611800E+001 -1.467142E+002 0 0
56 7800000000.0 -7.464389E+001 -1.792093E+002 0 0
57 7850000000.0 -7.263899E+001  1.465893E+002 0 0
58 7900000000.0 -7.137466E+001  1.204142E+002 0 0
59 7950000000.0 -7.192094E+001  8.541522E+001 0 0
60 8000000000.0 -7.686798E+001  5.205233E+001 0 0
61 8050000000.0 -7.551780E+001  1.575292E+001 0 0
62 8100000000.0 -7.735190E+001 -1.586457E+001 0 0
63 8150000000.0 -8.224903E+001 -7.336290E+001 0 0
64 8200000000.0 -8.602856E+001 -9.125098E+001 0 0
65 8250000000.0 -9.357272E+001  1.640237E+002 0 0
66 8300000000.0 -8.653958E+001  1.240970E+002 0 0
67 8350000000.0 -9.283745E+001  6.328413E+001 0 0
68 8400000000.0 -8.807523E+001  8.621136E+001 0 0
69 8450000000.0 -8.250182E+001  1.951101E+001 0 0
70 8500000000.0 -8.295050E+001 -2.777796E+000 0 0
71 8550000000.0 -8.216645E+001 -2.695594E+001 0 0
72 8600000000.0 -8.229048E+001 -9.489740E+001 0 0
73 8650000000.0 -8.761791E+001  1.743372E+002 0 0
74 8700000000.0 -8.489813E+001 -1.045479E+002 0 0
75 8750000000.0 -9.016167E+001 -1.245660E+002 0 0
76 8800000000.0 -1.119951E+002  4.850209E-001 0 0
77 8850000000.0 -8.625656E+001 -3.070556E+001 0 0
78 8900000000.0 -8.299134E+001 -1.661644E+001 0 0
79 8950000000.0 -7.807420E+001 -6.621077E+001 0 0
80 9000000000.0 -8.820036E+001 -8.013774E+001 0 0
81 9050000000.0 -7.879930E+001 -1.098927E+002 0 0
82 9100000000.0 -7.509409E+001 -1.325733E+002 0 0
83 9150000000.0 -7.606384E+001 -1.676281E+002 0 0
84 9200000000.0 -7.790228E+001  1.760186E+002 0 0
85 9250000000.0 -7.436885E+001  1.685753E+002 0 0
86 9300000000.0 -7.654575E+001  1.242429E+002 0 0
87 9350000000.0 -7.936596E+001  1.112750E+002 0 0
88 9400000000.0 -7.632796E+001  9.829032E+001 0 0
89 9450000000.0 -7.683846E+001  4.289921E+001 0 0
90 9500000000.0 -7.969238E+001  4.871169E+001 0 0
91 9550000000.0 -7.992338E+001  3.529431E+001 0 0
92 9600000000.0 -8.157635E+001  1.079564E+001 0 0
93 9650000000.0 -8.411555E+001 -2.126419E+001 0 0
94 9700000000.0 -8.101466E+001 -3.907088E+001 0 0
95 9750000000.0 -8.096919E+001 -7.191712E+001 0 0
96 9800000000.0 -8.144329E+001 -1.027928E+002 0 0
97 9850000000.0 -8.303817E+001 -1.583493E+002 0 0
98 9900000000.0 -8.242423E+001 -1.663386E+002 0 0
99 9950000000.0 -8.228265E+001  1.324137E+002 0 0
100 10000000000.0 -8.743912E+001  4.529771E+001 0 0
101 10050000000.0 -8.060201E+001  6.939021E+001 0 0
102 10100000000.0 -7.772012E+001  1.658306E+001 0 0
103 10150000000.0 -7.946608E+001 -1.752773E+001 0 0
104 10200000000.0 -8.497041E+001 -5.040814E+001 0 0
105 10250000000.0 -7.888719E+001 -4.982627E+001 0 0
106 10300000000.0 -7.727576E+001 -9.458044E+001 0 0
107 10350000000.0 -8.093800E+001 -1.205185E+002 0 0
108 10400000000.0 -7.644990E+001 -1.197010E+002 0 0
109 10450000000.0 -7.955930E+001 -1.608524E+002 0 0
110 10500000000.0 -8.010484E+001  1.780962E+002 0 0
111 10550000000.0 -7.829770E+001  1.547821E+002 0 0
112 10600000000.0 -7.702281E+001  1.199542E+002 0 0
113 10650000000.0 -7.932343E+001  1.089028E+002 0 0
114 10700000000.0 -7.853954E+001  9.076205E+001 0 0
115 10750000000.0 -8.097793E+001  3.510999E+001 0 0
116 10800000000.0 -8.019666E+001  3.257038E+001 0 0
117 10850000000.0 -7.867747E+001 -1.419342E+000 0 0
118 10900000000.0 -7.848123E+001 -7.380433E+000 0 0
119 10950000000.0 -8.703110E+001 -3.184472E+001 0 0
120 11000000000.0 -8.429096E+001 -6.058540E+001 0 0
121 11050000000.0 -8.082833E+001 -7.674725E+001 0 0
122 11100000000.0 -8.657927E+001 -1.350383E+002 0 0
123 11150000000.0 -8.873975E+001  1.742587E+002 0 0
124 11200000000.0 -9.519116E+001  1.370082E+002 0 0
125 11250000000.0 -9.174686E+001 -1.796704E+002 0 0
126 11300000000.0 -8.534400E+001  3.919067E+001 0 0
127 11350000000.0 -8.434067E+001  3.862818E+001 0 0
128 11400000000.0 -9.125427E+001  2.012901E+000 0 0
129 11450000000.0 -8.447264E+001  4.484137E+001 0 0
130 11500000000.0 -8.587701E+001 -2.404927E+001 0 0
131 11550000000.0 -9.139939E+001 -2.180939E+000 0 0
132 11600000000.0 -8.875060E+001 -2.745481E+001 0 0
133 11650000000.0 -8.720045E+001 -9.125741E+001 0 0
134 11700000000.0 -8.281981E+001 -9.528149E+001 0 0
135 11750000000.0 -8.093472E+001 -1.022507E+002 0 0
136 11800000000.0 -8.105880E+001 -1.015237E+002 0 0
137 11850000000.0 -8.292461E+001 -1.506292E+002 0 0
138 11900000000.0 -8.207173E+001 -1.533356E+002 0 0
139 11950000000.0 -7.652271E+001 -1.577503E+002 0 0
140 12000000000.0 -8.461989E+001  1.742916E+002 0 0
141 12050000000.0 -7.977834E+001  1.607799E+002 0 0
142 12100000000.0 -8.347691E+001  1.385177E+002 0 0
143 12150000000.0 -8.236070E+001  1.223606E+002 0 0
144 12200000000.0 -8.382981E+001  1.122848E+002 0 0
145 12250000000.0 -8.425020E+001  9.898954E+001 0 0
146 12300000000.0 -8.340672E+001  7.729228E+001 0 0
147 12350000000.0 -8.798833E+001  1.211866E+002 0 0
148 12400000000.0 -9.228354E+001  3.116253E+001 0 0
149 12450000000.0 -8.820673E+001  5.914559E+001 0 0
150 12500000000.0 -8.925792E+001  6.061931E+001 0 0
151 12550000000.0 -8.993903E+001  9.760655E+001 0 0
152 12600000000.0 -8.383197E+001  5.175700E+001 0 0
153 12650000000.0 -8.679662E+001  3.352338E+001 0 0
154 12700000000.0 -8.287101E+001  2.593634E+001 0 0
155 12750000000.0 -8.513605E+001  2.053188E+001 0 0
156 12800000000.0 -8.193988E+001 -3.196881E+000 0 0
157 12850000000.0 -8.606052E+001  6.617825E+000 0 0
158 12900000000.0 -8.750675E+001 -1.095859E+001 0 0
159 12950000000.0 -8.739023E+001 -2.492178E+000 0 0
160 13000000000.0 -1.101386E+002  1.929364E+001 0 0
161 13050000000.0 -8.906145E+001 -9.601419E+000 0 0
162 13100000000.0 -9.467197E+001 -8.687213E+001 0 0
163 13150000000.0 -8.756847E+001 -2.032881E+001 0 0
164 13200000000.0 -8.375195E+001 -4.956574E+001 0 0
165 13250000000.0 -8.522038E+001 -4.866258E+001 0 0
166 13300000000.0 -8.495460E+001 -7.577479E+001 0 0
167 13350000000.0 -8.503616E+001 -9.533474E+001 0 0
168 13400000000.0 -9.128844E+001 -7.766296E+001 0 0
169 13450000000.0 -8.799496E+001 -8.486816E+001 0 0
170 13500000000.0 -8.435010E+001 -1.096881E+002 0 0
171 13550000000.0 -8.975546E+001 -9.178103E+001 0 0
172 13600000000.0 -8.713314E+001 -1.338342E+002 0 0
173 13650000000.0 -8.564187E+001 -1.103041E+002 0 0
174 13700000000.0 -9.048010E+001  1.713394E+002 0 0
175 13750000000.0 -8.902503E+001 -1.696968E+002 0 0
176 13800000000.0 -8.447052E+001  1.767636E+002 0 0
177 13850000000.0 -8.581599E+001 -1.749144E+002 0 0
178 13900000000.0 -8.835341E+001  1.742801E+002 0 0
179 13950000000.0 -8.643497E+001  1.431628E+002 0 0
180 14000000000.0 -8.763359E+001  1.235695E+002 0 0
181 14050000000.0 -9.339217E+001 -1.590889E+002 0 0
182 14100000000.0 -1.092860E+002 -8.724837E+001 0 0
183 14150000000.0 -8.280293E+001 -1.360295E+002 0 0
184 14200000000.0 -8.573811E+001 -1.425804E+002 0 0
185 14250000000.0 -8.425136E+001  1.763203E+002 0 0
186 14300000000.0 -8.480219E+001  1.535854E+002 0 0
187 14350000000.0 -8.368512E+001  1.293367E+002 0 0
188 14400000000.0 -8.301167E+001  1.184985E+002 0 0
189 14450000000.0 -8.314931E+001  1.101069E+002 0 0
190 14500000000.0 -8.214073E+001  1.100731E+002 0 0
191 14550000000.0 -8.210408E+001  9.422465E+001 0 0
192 14600000000.0 -7.877437E+001  6.920333E+001 0 0
193 14650000000.0 -8.624979E+001  4.571157E+001 0 0
194 14700000000.0 -8.760650E+001  3.546618E+001 0 0
195 14750000000.0 -8.167126E+001  3.333641E+001 0 0
196 14800000000.0 -8.711807E+001  4.015903E+001 0 0
197 14850000000.0 -8.525414E+001  3.820194E+000 0 0
198 14900000000.0 -8.327460E+001  3.357690E+001 0 0
199 14950000000.0 -8.392635E+001  5.374468E+001 0 0
200 15000000000.0 -8.069724E+001  2.652393E+001 0 0
