0 5000000000.0 -7.177784E+001  1.590367E+002 0 0
1 5050000000.0 -7.536042E+001  9.713909E+001 0 0
2 5100000000.0 -7.592259E+001  1.333284E+002 0 0
3 5150000000.0 -6.996603E+001  8.731787E+001 0 0
4 5200000000.0 -7.263383E+001  3.421585E+001 0 0
5 5250000000.0 -7.500457E+001  4.306083E+001 0 0
6 5300000000.0 -6.936807E+001 -3.356302E+000 0 0
7 5350000000.0 -7.220264E+001 -5.235672E+001 0 0
8 5400000000.0 -7.357426E+001 -3.874635E+001 0 0
9 5450000000.0 -6.915297E+001 -9.431514E+001 0 0
10 5500000000.0 -7.851188E+001 -1.308902E+002 0 0
11 5550000000.0 -7.231050E+001 -1.268083E+002 0 0
12 5600000000.0 -7.262173E+001  1.720522E+002 0 0
13 5650000000.0 -7.767094E+001  1.645850E+002 0 0
14 5700000000.0 -7.286549E+001  1.407115E+002 0 0
15 5750000000.0 -7.541290E+001  9.834431E+001 0 0
16 5800000000.0 -7.353043E+001  6.984777E+001 0 0
17 5850000000.0 -7.186288E+001  2.702684E+001 0 0
18 5900000000.0 -7.267041E+001  1.171939E+000 0 0
19 5950000000.0 -7.344151E+001 -4.518941E+001 0 0
20 6000000000.0 -7.308784E+001 -6.689599E+001 0 0
21 6050000000.0 -7.354668E+001 -9.531673E+001 0 0
22 6100000000.0 -7.429861E+001 -1.263575E+002 0 0
23 6150000000.0 -7.477779E+001 -1.560788E+002 0 0
24 6200000000.0 -7.376743E+001  1.692076E+002 0 0
25 6250000000.0 -7.546631E+001  1.510130E+002 0 0
26 6300000000.0 -7.400147E+001  1.246203E+002 0 0
27 6350000000.0 -7.463596E+001  8.799325E+001 0 0
28 6400000000.0 -7.504699E+001  6.708117E+001 0 0
29 6450000000.0 -7.528081E+001  2.651597E+001 0 0
30 6500000000.0 -7.398702E+001  3.882834E+000 0 0
31 6550000000.0 -7.328305E+001 -3.249020E+001 0 0
32 6600000000.0 -7.296579E+001 -5.950703E+001 0 0
33 6650000000.0 -7.297813E+001 -9.527955E+001 0 0
34 6700000000.0 -7.276131E+001 -1.220954E+002 0 0
35 6750000000.0 -7.224006E+001 -1.531059E+002 0 0
36 6800000000.0 -7.240152E+001  1.772692E+002 0 0
37 6850000000.0 -7.248675E+001  1.503736E+002 0 0
38 6900000000.0 -7.216679E+001  1.155604E+002 0 0
39 6950000000.0 -7.182361E+001  9.662243E+001 0 0
40 7000000000.0 -7.282118E+001  6.987042E+001 0 0
41 7050000000.0 -7.344955E+001  5.228571E+001 0 0
42 7100000000.0 -7.576959E+001  1.199844E+001 0 0
43 7150000000.0 -7.776402E+001  9.251431E+000 0 0
44 7200000000.0 -7.930473E+001 -3.365329E+000 0 0
45 7250000000.0 -7.859792E+001 -1.487809E+001 0 0
46 7300000000.0 -7.939475E+001 -3.497062E+001 0 0
47 7350000000.0 -7.947154E+001 -5.720700E+001 0 0
48 7400000000.0 -8.322932E+001 -5.167757E+001 0 0
49 7450000000.0 -8.337125E+001 -8.832707E+001 0 0
50 7500000000.0 -8.463161E+001 -7.560193E+001 0 0
51 7550000000.0 -8.108710E+001 -6.257455E+001 0 0
52 7600000000.0 -7.878026E+001 -7.949762E+001 0 0
53 7650000000.0 -7.880637E+001 -8.234840E+001 0 0
54 7700000000.0 -7.508047E+001 -1.122191E+002 0 0
55 7750000000.0 -7.649856E+001 -1.307476E+002 0 0
56 7800000000.0 -7.599773E+001 -1.378316E+002 0 0
57 7850000000.0 -7.356236E+001 -1.767087E+002 0 0
58 7900000000.0 -7.405975E+001  1.539942E+002 0 0
59 7950000000.0 -7.702836E+001  1.335649E+002 0 0
60 8000000000.0 -7.906308E+001  1.208402E+002 0 0
61 8050000000.0 -8.168404E+001  1.046947E+002 0 0
62 8100000000.0 -8.722325E+001  6.752905E+001 0 0
63 8150000000.0 -8.279702E+001  1.599983E+001 0 0
64 8200000000.0 -8.843758E+001 -9.766114E+001 0 0
65 8250000000.0 -8.382484E+001 -1.145503E+002 0 0
66 8300000000.0 -8.653835E+001 -1.414606E+002 0 0
67 8350000000.0 -7.964105E+001 -1.675201E+002 0 0
68 8400000000.0 -7.835886E+001  1.538279E+002 0 0
69 8450000000.0 -7.957287E+001  1.209668E+002 0 0
70 8500000000.0 -7.680598E+001  9.550895E+001 0 0
71 8550000000.0 -7.326424E+001  8.103407E+001 0 0
72 8600000000.0 -7.772391E+001  4.246405E+001 0 0
73 8650000000.0 -7.151116E+001  3.945808E+001 0 0
74 8700000000.0 -7.246473E+001 -2.954764E+000 0 0
75 8750000000.0 -7.409291E+001 -3.157959E+001 0 0
76 8800000000.0 -7.494144E+001 -3.474226E+001 0 0
77 8850000000.0 -7.394984E+001 -7.775828E+001 0 0
78 8900000000.0 -7.610806E+001 -1.024084E+002 0 0
79 8950000000.0 -7.622399E+001 -9.041346E+001 0 0
80 9000000000.0 -7.703484E+001 -1.461202E+002 0 0
81 9050000000.0 -8.098237E+001 -1.642841E+002 0 0
82 9100000000.0 -7.866326E+001  1.763066E+002 0 0
83 9150000000.0 -8.195136E+001  1.323680E+002 0 0
84 9200000000.0 -8.599709E+001  1.253704E+002 0 0
85 9250000000.0 -7.923692E+001  1.037576E+002 0 0
86 9300000000.0 -7.991100E+001  7.729990E+001 0 0
87 9350000000.0 -8.905502E+001 -9.639677E+000 0 0
88 9400000000.0 -9.537079E+001  1.702422E+002 0 0
89 9450000000.0 -9.181136E+001 -1.769202E+002 0 0
90 9500000000.0 -8.597183E+001 -1.766494E+002 0 0
91 9550000000.0 -9.433044E+001 -1.786247E+002 0 0
92 9600000000.0 -8.863641E+001 -1.777221E+002 0 0
93 9650000000.0 -8.635741E+001  1.138458E+002 0 0
94 9700000000.0 -8.182240E+001  1.300731E+002 0 0
95 9750000000.0 -8.220906E+001  6.885555E+001 0 0
96 9800000000.0 -7.911620E+001  4.530848E+001 0 0
97 9850000000.0 -7.686090E+001  9.290284E+000 0 0
98 9900000000.0 -7.684814E+001  1.403402E+001 0 0
99 9950000000.0 -7.790871E+001 -1.299000E+001 0 0
100 10000000000.0 -7.909019E+001 -2.844496E+001 0 0
101 10050000000.0 -7.772521E+001 -8.295614E+001 0 0
102 10100000000.0 -7.516691E+001 -9.022250E+001 0 0
103 10150000000.0 -7.865427E+001 -1.003038E+002 0 0
104 10200000000.0 -7.820514E+001 -1.226384E+002 0 0
105 10250000000.0 -8.085271E+001 -1.298333E+002 0 0
106 10300000000.0 -8.283802E+001 -1.730893E+002 0 0
107 10350000000.0 -8.534206E+001 -1.616008E+002 0 0
108 10400000000.0 -8.546936E+001  1.770369E+002 0 0
109 10450000000.0 -8.645850E+001 -1.793820E+002 0 0
110 10500000000.0 -9.304534E+001  1.225933E+002 0 0
111 10550000000.0 -8.443098E+001 -9.087452E+001 0 0
112 10600000000.0 -8.885430E+001 -1.417711E+002 0 0
113 10650000000.0 -8.116513E+001 -1.193209E+002 0 0
114 10700000000.0 -7.809351E+001 -1.425119E+002 0 0
115 10750000000.0 -7.970907E+001 -1.744667E+002 0 0
116 10800000000.0 -7.394620E+001  1.773125E+002 0 0
117 10850000000.0 -7.538859E+001  1.566658E+002 0 0
118 10900000000.0 -7.529469E+001  1.342445E+002 0 0
119 10950000000.0 -7.790470E+001  1.263340E+002 0 0
120 11000000000.0 -7.508246E+001  9.362815E+001 0 0
121 11050000000.0 -7.345487E+001  9.614716E+001 0 0
122 11100000000.0 -7.435542E+001  7.652159E+001 0 0
123 11150000000.0 -7.522451E+001  6.171807E+001 0 0
124 11200000000.0 -7.295631E+001  4.977752E+001 0 0
125 11250000000.0 -7.493958E+001  3.402256E+001 0 0
126 11300000000.0 -7.464098E+001  1.952341E+001 0 0
127 11350000000.0 -7.520082E+001  8.564837E+000 0 0
128 11400000000.0 -7.732642E+001 -2.145757E+001 0 0
129 11450000000.0 -7.796364E+001 -4.506670E+001 0 0
130 11500000000.0 -7.931783E+001 -5.478894E+001 0 0
131 11550000000.0 -8.315662E+001 -5.244059E+001 0 0
132 11600000000.0 -8.233113E+001 -6.035129E+001 0 0
133 11650000000.0 -7.964452E+001 -5.563440E+001 0 0
134 11700000000.0 -8.121759E+001 -8.355564E+001 0 0
135 11750000000.0 -8.030598E+001 -9.774639E+001 0 0
136 11800000000.0 -8.142978E+001 -1.161872E+002 0 0
137 11850000000.0 -8.446453E+001 -1.095932E+002 0 0
138 11900000000.0 -8.805103E+001 -1.335901E+002 0 0
139 11950000000.0 -8.634196E+001  1.327876E+002 0 0
140 12000000000.0 -8.658852E+001 -4.535457E+000 0 0
141 12050000000.0 -8.617409E+001 -6.364009E+001 0 0
142 12100000000.0 -8.133735E+001 -5.825893E+001 0 0
143 12150000000.0 -7.789104E+001 -8.602988E+001 0 0
144 12200000000.0 -7.791200E+001 -9.532404E+001 0 0
145 12250000000.0 -7.928732E+001 -1.305938E+002 0 0
146 12300000000.0 -7.844497E+001 -1.524099E+002 0 0
147 12350000000.0 -7.868911E+001  1.705510E+002 0 0
148 12400000000.0 -7.951193E+001  1.514828E+002 0 0
149 12450000000.0 -8.034554E+001  1.218913E+002 0 0
150 12500000000.0 -8.291066E+001  1.129954E+002 0 0
151 12550000000.0 -8.598736E+001  5.025080E+001 0 0
152 12600000000.0 -9.267241E+001 -1.758384E+001 0 0
153 12650000000.0 -9.364665E+001 -1.243618E+002 0 0
154 12700000000.0 -8.440236E+001 -1.281060E+002 0 0
155 12750000000.0 -8.811706E+001  1.732871E+002 0 0
156 12800000000.0 -8.412751E+001  1.710996E+002 0 0
157 12850000000.0 -8.398677E+001  1.674056E+002 0 0
158 12900000000.0 -8.181306E+001  1.702813E+002 0 0
159 12950000000.0 -7.957426E+001  1.425984E+002 0 0
160 13000000000.0 -8.238573E+001  1.405613E+002 0 0
161 13050000000.0 -8.176828E+001  1.087407E+002 0 0
162 13100000000.0 -7.928123E+001  8.380771E+001 0 0
163 13150000000.0 -8.004784E+001  5.644005E+001 0 0
164 13200000000.0 -8.044737E+001  3.629144E+001 0 0
165 13250000000.0 -8.244925E+001  3.312858E+001 0 0
166 13300000000.0 -8.814696E+001 -1.831844E+001 0 0
167 13350000000.0 -9.141763E+001  2.898829E+001 0 0
168 13400000000.0 -1.115501E+002 -1.524740E+002 0 0
169 13450000000.0 -9.054869E+001 -1.486836E+002 0 0
170 13500000000.0 -8.446506E+001  1.002710E+002 0 0
171 13550000000.0 -8.496751E+001  8.046096E+001 0 0
172 13600000000.0 -8.640176E+001  7.342188E+001 0 0
173 13650000000.0 -8.069783E+001  3.752824E+001 0 0
174 13700000000.0 -8.271680E+001  1.827409E+001 0 0
175 13750000000.0 -8.358567E+001 -4.364065E+000 0 0
176 13800000000.0 -8.338173E+001 -1.391356E+000 0 0
177 13850000000.0 -8.270027E+001 -9.107153E+000 0 0
178 13900000000.0 -8.063468E+001  3.052509E+000 0 0
179 13950000000.0 -8.065027E+001 -2.623893E+001 0 0
180 14000000000.0 -7.918126E+001 -6.013195E+001 0 0
181 14050000000.0 -8.100673E+001 -7.296249E+001 0 0
182 14100000000.0 -8.458080E+001 -8.328558E+001 0 0
183 14150000000.0 -8.630606E+001 -7.968453E+001 0 0
184 14200000000.0 -8.760558E+001 -9.952841E+001 0 0
185 14250000000.0 -8.800628E+001  1.794798E+002 0 0
186 14300000000.0 -9.439515E+001 -1.559375E+002 0 0
187 14350000000.0 -9.052819E+001 -5.648494E+001 0 0
188 14400000000.0 -8.338409E+001 -4.413621E+001 0 0
189 14450000000.0 -9.592479E+001 -7.651054E+001 0 0
190 14500000000.0 -8.974355E+001 -8.130086E+001 0 0
191 14550000000.0 -8.498994E+001 -1.256696E+002 0 0
192 14600000000.0 -8.270058E+001 -1.163331E+002 0 0
193 14650000000.0 -8.714477E+001 -1.427271E+002 0 0
194 14700000000.0 -8.492154E+001 -1.414118E+002 0 0
195 14750000000.0 -8.524502E+001 -1.647032E+002 0 0
196 14800000000.0 -8.400848E+001  1.752114E+002 0 0
197 14850000000.0 -9.039406E+001  1.366631E+002 0 0
198 14900000000.0 -8.483021E+001  8.879304E+001 0 0
199 14950000000.0 -8.331443E+001  2.689314E+001 0 0
200 15000000000.0 -8.325057E+001 -1.156215E+001 0 0
