0 5000000000.0 -7.065591E+001 -1.571871E+002 0 0
1 5050000000.0 -7.709991E+001  1.701982E+002 0 0
2 5100000000.0 -7.084197E+001  1.783689E+002 0 0
3 5150000000.0 -6.980613E+001  1.230371E+002 0 0
4 5200000000.0 -7.540277E+001  8.191846E+001 0 0
5 5250000000.0 -7.144106E+001  8.761933E+001 0 0
6 5300000000.0 -6.919733E+001  3.554658E+001 0 0
7 5350000000.0 -7.462943E+001  2.663737E+000 0 0
8 5400000000.0 -6.988005E+001  2.162205E+000 0 0
9 5450000000.0 -6.777175E+001 -6.167150E+001 0 0
10 5500000000.0 -7.292514E+001 -5.099810E+001 0 0
11 5550000000.0 -6.759403E+001 -9.321262E+001 0 0
12 5600000000.0 -6.957309E+001 -1.337805E+002 0 0
13 5650000000.0 -6.915820E+001 -1.508156E+002 0 0
14 5700000000.0 -6.730043E+001  1.752092E+002 0 0
15 5750000000.0 -6.843497E+001  1.401594E+002 0 0
16 5800000000.0 -6.748304E+001  1.123264E+002 0 0
17 5850000000.0 -6.643285E+001  7.554101E+001 0 0
18 5900000000.0 -6.700415E+001  4.549139E+001 0 0
19 5950000000.0 -6.775551E+001  1.460850E+001 0 0
20 6000000000.0 -6.672957E+001 -1.847438E+001 0 0
21 6050000000.0 -6.689758E+001 -5.320330E+001 0 0
22 6100000000.0 -6.723199E+001 -7.783333E+001 0 0
23 6150000000.0 -6.750222E+001 -1.091335E+002 0 0
24 6200000000.0 -6.843118E+001 -1.431915E+002 0 0
25 6250000000.0 -6.827406E+001 -1.723869E+002 0 0
26 6300000000.0 -6.695131E+001  1.603835E+002 0 0
27 6350000000.0 -6.809533E+001  1.331163E+002 0 0
28 6400000000.0 -6.755324E+001  1.053778E+002 0 0
29 6450000000.0 -6.687085E+001  7.206044E+001 0 0
30 6500000000.0 -6.757421E+001  4.377713E+001 0 0
31 6550000000.0 -6.762214E+001  8.922791E+000 0 0
32 6600000000.0 -6.774562E+001 -1.828069E+001 0 0
33 6650000000.0 -6.795191E+001 -4.266062E+001 0 0
34 6700000000.0 -6.705418E+001 -8.213918E+001 0 0
35 6750000000.0 -6.728015E+001 -1.105609E+002 0 0
36 6800000000.0 -6.802644E+001 -1.384928E+002 0 0
37 6850000000.0 -6.767458E+001 -1.705568E+002 0 0
38 6900000000.0 -6.822119E+001  1.610938E+002 0 0
39 6950000000.0 -6.844395E+001  1.278634E+002 0 0
40 7000000000.0 -6.879076E+001  1.028832E+002 0 0
41 7050000000.0 -6.850978E+001  7.112366E+001 0 0
42 7100000000.0 -6.899686E+001  3.793577E+001 0 0
43 7150000000.0 -6.989610E+001  1.519674E+001 0 0
44 7200000000.0 -7.092818E+001 -8.049553E+000 0 0
45 7250000000.0 -6.961295E+001 -3.693737E+001 0 0
46 7300000000.0 -7.048186E+001 -6.512220E+001 0 0
47 7350000000.0 -7.060706E+001 -9.434055E+001 0 0
48 7400000000.0 -7.047098E+001 -1.218528E+002 0 0
49 7450000000.0 -7.066018E+001 -1.537625E+002 0 0
50 7500000000.0 -7.128199E+001  1.732409E+002 0 0
51 7550000000.0 -7.116368E+001  1.443772E+002 0 0
52 7600000000.0 -7.144234E+001  1.177923E+002 0 0
53 7650000000.0 -7.235024E+001  8.741158E+001 0 0
54 7700000000.0 -7.343732E+001  5.590369E+001 0 0
55 7750000000.0 -7.244908E+001  2.405956E+001 0 0
56 7800000000.0 -7.097871E+001 -1.795722E+001 0 0
57 7850000000.0 -7.368875E+001 -6.062468E+001 0 0
58 7900000000.0 -7.576216E+001 -9.025790E+001 0 0
59 7950000000.0 -7.528249E+001 -1.051367E+002 0 0
60 8000000000.0 -7.186668E+001 -1.385952E+002 0 0
61 8050000000.0 -7.147487E+001 -1.600176E+002 0 0
62 8100000000.0 -7.226489E+001 -1.798633E+002 0 0
63 8150000000.0 -7.200111E+001  1.579364E+002 0 0
64 8200000000.0 -6.974692E+001  1.164419E+002 0 0
65 8250000000.0 -7.128635E+001  9.202715E+001 0 0
66 8300000000.0 -6.906551E+001  5.609257E+001 0 0
67 8350000000.0 -7.161292E+001  2.034856E+001 0 0
68 8400000000.0 -7.061242E+001 -3.890177E+000 0 0
69 8450000000.0 -7.030850E+001 -3.326589E+001 0 0
70 8500000000.0 -6.960140E+001 -8.109041E+001 0 0
71 8550000000.0 -7.010597E+001 -9.475390E+001 0 0
72 8600000000.0 -6.925620E+001 -1.282713E+002 0 0
73 8650000000.0 -7.144363E+001 -1.756242E+002 0 0
74 8700000000.0 -7.195412E+001 -1.779803E+002 0 0
75 8750000000.0 -7.272312E+001  1.410228E+002 0 0
76 8800000000.0 -7.206987E+001  9.895648E+001 0 0
77 8850000000.0 -7.499144E+001  8.471162E+001 0 0
78 8900000000.0 -7.344336E+001  5.412487E+001 0 0
79 8950000000.0 -7.388641E+001  1.851641E+001 0 0
80 9000000000.0 -7.334291E+001  3.774905E+000 0 0
81 9050000000.0 -7.239468E+001 -3.692262E+001 0 0
82 9100000000.0 -7.415865E+001 -6.463456E+001 0 0
83 9150000000.0 -7.657755E+001 -7.816474E+001 0 0
84 9200000000.0 -7.373486E+001 -1.066016E+002 0 0
85 9250000000.0 -7.398149E+001 -1.445090E+002 0 0
86 9300000000.0 -7.385111E+001 -1.651314E+002 0 0
87 9350000000.0 -7.253534E+001  1.616483E+002 0 0
88 9400000000.0 -7.248077E+001  1.320910E+002 0 0
89 9450000000.0 -7.302202E+001  1.130751E+002 0 0
90 9500000000.0 -7.157533E+001  8.617577E+001 0 0
91 9550000000.0 -7.340015E+001  5.751619E+001 0 0
92 9600000000.0 -7.254083E+001  2.859784E+001 0 0
93 9650000000.0 -7.187953E+001  5.635572E+000 0 0
94 9700000000.0 -7.293694E+001 -2.957072E+001 0 0
95 9750000000.0 -7.283368E+001 -4.524331E+001 0 0
96 9800000000.0 -7.201239E+001 -8.222115E+001 0 0
97 9850000000.0 -7.237305E+001 -1.100725E+002 0 0
98 9900000000.0 -7.225959E+001 -1.415477E+002 0 0
99 9950000000.0 -7.132021E+001 -1.792516E+002 0 0
100 10000000000.0 -7.242486E+001  1.699253E+002 0 0
101 10050000000.0 -7.230641E+001  1.366162E+002 0 0
102 10100000000.0 -7.097446E+001  9.874833E+001 0 0
103 10150000000.0 -7.330661E+001  6.631776E+001 0 0
104 10200000000.0 -7.148003E+001  4.123464E+001 0 0
105 10250000000.0 -7.434650E+001 -1.315132E+000 0 0
106 10300000000.0 -7.462586E+001 -3.791499E+001 0 0
107 10350000000.0 -7.587202E+001 -6.079088E+001 0 0
108 10400000000.0 -7.679879E+001 -7.650999E+001 0 0
109 10450000000.0 -7.645612E+001 -1.131324E+002 0 0
110 10500000000.0 -8.095496E+001 -1.308411E+002 0 0
111 10550000000.0 -7.810958E+001 -1.757715E+002 0 0
112 10600000000.0 -7.993367E+001  1.717326E+002 0 0
113 10650000000.0 -7.948154E+001  1.275598E+002 0 0
114 10700000000.0 -8.048759E+001  1.313979E+002 0 0
115 10750000000.0 -7.896150E+001  8.282198E+001 0 0
116 10800000000.0 -7.751083E+001  3.483701E+001 0 0
117 10850000000.0 -7.503556E+001  1.255079E+001 0 0
118 10900000000.0 -7.742227E+001 -4.087021E+000 0 0
119 10950000000.0 -7.610515E+001 -4.337360E+001 0 0
120 11000000000.0 -7.696400E+001 -7.649331E+001 0 0
121 11050000000.0 -7.480796E+001 -1.097289E+002 0 0
122 11100000000.0 -7.308916E+001 -1.372060E+002 0 0
123 11150000000.0 -7.369923E+001 -1.560833E+002 0 0
124 11200000000.0 -7.169081E+001  1.790579E+002 0 0
125 11250000000.0 -7.373435E+001  1.539775E+002 0 0
126 11300000000.0 -7.304244E+001  1.084683E+002 0 0
127 11350000000.0 -7.391756E+001  7.499241E+001 0 0
128 11400000000.0 -7.432365E+001  5.123310E+001 0 0
129 11450000000.0 -7.320685E+001  2.702384E+001 0 0
130 11500000000.0 -7.455527E+001 -1.703899E+001 0 0
131 11550000000.0 -7.410176E+001 -3.210116E+001 0 0
132 11600000000.0 -7.387869E+001 -7.621667E+001 0 0
133 11650000000.0 -7.324445E+001 -1.001762E+002 0 0
134 11700000000.0 -7.272820E+001 -1.351899E+002 0 0
135 11750000000.0 -7.393156E+001 -1.576989E+002 0 0
136 11800000000.0 -7.285830E+001 -1.793112E+002 0 0
137 11850000000.0 -7.224332E+001  1.488335E+002 0 0
138 11900000000.0 -7.341873E+001  1.174419E+002 0 0
139 11950000000.0 -7.223297E+001  8.154533E+001 0 0
140 12000000000.0 -7.216644E+001  5.709081E+001 0 0
141 12050000000.0 -7.229519E+001  2.650508E+001 0 0
142 12100000000.0 -7.189354E+001  3.289652E+000 0 0
143 12150000000.0 -7.012350E+001 -3.845810E+001 0 0
144 12200000000.0 -7.137222E+001 -6.527449E+001 0 0
145 12250000000.0 -7.153873E+001 -1.047384E+002 0 0
146 12300000000.0 -7.116710E+001 -1.310681E+002 0 0
147 12350000000.0 -7.062732E+001 -1.590989E+002 0 0
148 12400000000.0 -6.990406E+001  1.649269E+002 0 0
149 12450000000.0 -7.104321E+001  1.444873E+002 0 0
150 12500000000.0 -7.019106E+001  9.890179E+001 0 0
151 12550000000.0 -7.109508E+001  6.850494E+001 0 0
152 12600000000.0 -6.965108E+001  4.807757E+001 0 0
153 12650000000.0 -7.139059E+001  1.494284E+001 0 0
154 12700000000.0 -7.057787E+001 -2.055798E+001 0 0
155 12750000000.0 -7.156064E+001 -5.241975E+001 0 0
156 12800000000.0 -7.023303E+001 -7.986557E+001 0 0
157 12850000000.0 -7.089365E+001 -1.139800E+002 0 0
158 12900000000.0 -7.088816E+001 -1.420247E+002 0 0
159 12950000000.0 -7.073254E+001 -1.717266E+002 0 0
160 13000000000.0 -7.155312E+001  1.530063E+002 0 0
161 13050000000.0 -7.254287E+001  1.282915E+002 0 0
162 13100000000.0 -7.300774E+001  9.595528E+001 0 0
163 13150000000.0 -7.231110E+001  5.714576E+001 0 0
164 13200000000.0 -7.443871E+001  3.435267E+001 0 0
165 13250000000.0 -7.289577E+001 -5.510553E+000 0 0
166 13300000000.0 -7.320841E+001 -3.767053E+001 0 0
167 13350000000.0 -7.358694E+001 -7.092692E+001 0 0
168 13400000000.0 -7.386259E+001 -9.740660E+001 0 0
169 13450000000.0 -7.509643E+001 -1.305028E+002 0 0
170 13500000000.0 -7.534119E+001 -1.683904E+002 0 0
171 13550000000.0 -7.430398E+001  1.685715E+002 0 0
172 13600000000.0 -7.679869E+001  1.342800E+002 0 0
173 13650000000.0 -7.488666E+001  9.929154E+001 0 0
174 13700000000.0 -7.536595E+001  8.059252E+001 0 0
175 13750000000.0 -7.650562E+001  5.376870E+001 0 0
176 13800000000.0 -7.635810E+001  6.831962E+000 0 0
177 13850000000.0 -7.620763E+001 -2.404229E+001 0 0
178 13900000000.0 -7.532969E+001 -5.280846E+001 0 0
179 13950000000.0 -7.681995E+001 -7.663840E+001 0 0
180 14000000000.0 -7.496520E+001 -1.297164E+002 0 0
181 14050000000.0 -7.689778E+001 -1.499528E+002 0 0
182 14100000000.0 -7.477223E+001 -1.785977E+002 0 0
183 14150000000.0 -7.564591E+001  1.569137E+002 0 0
184 14200000000.0 -7.728020E+001  1.253912E+002 0 0
185 14250000000.0 -7.643447E+001  9.650417E+001 0 0
186 14300000000.0 -7.648734E+001  5.731650E+001 0 0
187 14350000000.0 -7.750709E+001  3.654996E+001 0 0
188 14400000000.0 -7.637347E+001 -1.872986E+000 0 0
189 14450000000.0 -7.810677E+001 -2.891695E+001 0 0
190 14500000000.0 -7.882173E+001 -7.552811E+001 0 0
191 14550000000.0 -7.965521E+001 -1.136377E+002 0 0
192 14600000000.0 -8.022791E+001 -1.518671E+002 0 0
193 14650000000.0 -7.732667E+001  1.759834E+002 0 0
194 14700000000.0 -7.939021E+001  1.028536E+002 0 0
195 14750000000.0 -7.488274E+001  7.195096E+001 0 0
196 14800000000.0 -7.501772E+001  4.029912E+001 0 0
197 14850000000.0 -7.286861E+001  1.462477E+001 0 0
198 14900000000.0 -7.246978E+001 -5.311640E+000 0 0
199 14950000000.0 -7.082880E+001 -3.684320E+001 0 0
200 15000000000.0 -7.010626E+001 -6.850297E+001 0 0
